label	time	source	prediction	AH	AT_CA	AT_CH	AT_I1	AT_I2	AT_M	AT_O1	AT_O2	AT_S	CN	DC	DF	DG	ES	GL	HA	SA	SN	SS	TMA	TS
AH	8	Pixel	AH	0.047717097112974595	0.047592324901614115	0.04755920724005128	0.04761847225096897	0.04761785964636191	0.047603831510655656	0.04758981830954986	0.04760077549699494	0.04765533449207726	0.04761887621896152	0.04757870565015334	0.04766440832860616	0.04763597882496715	0.04763786696941228	0.047616546741307775	0.047585219310281285	0.04771008021808572	0.04762660463578248	0.04750012032780892	0.04755890347082237	0.047711968342562264
AH	12	Pixel	AH	0.04771709969392921	0.047598264952111384	0.04755862338661048	0.047618474826589104	0.04762901113306959	0.04761125872105277	0.047603032138170125	0.04761977111330251	0.04766734398458625	0.047625146224401345	0.04756523981879969	0.04765830839490457	0.047621396637464904	0.04764438551748248	0.04761141042483592	0.04758522188410281	0.04768596474447044	0.04763185032456719	0.04750012289702755	0.047552997232678564	0.047695075949843166
AH	17	Pixel	TS	0.04770417965812887	0.04759867800574717	0.047551476464914054	0.047618473669406636	0.04762947576266878	0.047603832928657205	0.047609879764050886	0.04762606608864934	0.04767394843070788	0.047631448603790004	0.047565238662910896	0.04765194759320633	0.04763598024392629	0.047644384359670354	0.04758613293305747	0.047585220727728424	0.04768557028668905	0.047638075979837276	0.04750012174272117	0.04755299607708727	0.0477068720164449
AH	19	Pixel	TS	0.047717096687851915	0.047579053356617315	0.04753912556307358	0.04761847182672497	0.04761680986725082	0.04760383108654209	0.04760987792170177	0.04762621949530226	0.047667340981643457	0.04762006686306748	0.04759100647252462	0.04763966995630178	0.04764826273059198	0.04766442219019494	0.04758549612915914	0.04759207211028324	0.04767248941630323	0.04763807413639706	0.04750011990461934	0.04755299423693937	0.04771749906690968
AH	23	Pixel	AH	0.04769395875433314	0.04760462125367293	0.047565099642802124	0.04763004171622107	0.04763531890602293	0.04761131149911958	0.04760988474396268	0.04761929399664915	0.047667347812138536	0.047636366546738446	0.04756524363815331	0.047658875750724056	0.04762140046132775	0.04765043511757661	0.047586137910485396	0.04760346581197315	0.047685575274517944	0.047638080962698344	0.04750012671115247	0.04755300105104913	0.04766441243868114
AH	26	Pixel	AH	0.047717101021302166	0.047604618755401375	0.04755862470957501	0.04761847615121856	0.04762896450374724	0.04759924956152243	0.0476098822454149	0.04762756918283747	0.047653649562313855	0.047637738443407206	0.047571836380613866	0.047645495209388274	0.04762785904920267	0.0476443868428327	0.04759352940628917	0.04759739619118491	0.04768357108372466	0.047631851649568714	0.04750012421836474	0.047552998555486586	0.04769507727660347
AH	29	Pixel	AH	0.04770418469481274	0.047598268820921136	0.04755862725219815	0.04761847869704153	0.04762284949139611	0.04759925210631749	0.04759657856154346	0.04763870954663589	0.04764825068783016	0.04761960863805626	0.04758530919734544	0.047651856539406366	0.04763342228421207	0.04763787341811029	0.04762395190657668	0.04759739873588089	0.04766665812226104	0.04763808100954181	0.04750012675786028	0.04755890990883115	0.047701603623221345
AH	31	Pixel	TS	0.047637393549501784	0.047598271602546795	0.04755863003150717	0.0476517945093184	0.04762293539799744	0.04761837446295956	0.047596581343070335	0.04763252613657074	0.047668922812126	0.04762515287859261	0.047584142140936564	0.04765185932416367	0.047620340386389404	0.047644392174361866	0.04763014745285258	0.04759925237175663	0.0476670747961422	0.04763808379349408	0.047500129533750546	0.047558912688156686	0.04769508261380502
AH	33	Pixel	AH	0.04771710006638654	0.04759232784730339	0.04755147799163297	0.04761847519827661	0.04761709247293225	0.04760383445705712	0.04759657506438766	0.04762622286740247	0.04765533744166646	0.04761958687355353	0.047577909398931945	0.047651853038189015	0.04764800723038054	0.04764438588937223	0.047623951997471645	0.04758522225553077	0.04767288598277836	0.047631850696359106	0.04750012326779126	0.04755890641444305	0.047706873548153055
AH	43	Pixel	AH	0.04771709974737072	0.0475982650054198	0.047552215445908284	0.047614394183242606	0.04762292879745203	0.047611258774375734	0.04759657474617761	0.047614932437594036	0.0476492005778854	0.04761958655518963	0.047571313000277345	0.047658308448280236	0.0476398374025345	0.047644385570842544	0.04762395167907857	0.047585221937396616	0.04768842780980424	0.04763185037791322	0.04750012295022605	0.04755890609648483	0.0477012184565461
AH	45	Pixel	AH	0.04771709974386809	0.04759232752562827	0.0475586234363835	0.04761847487642476	0.04762317379459508	0.047603834135304224	0.04760303218798962	0.047626222545498254	0.04766734403447305	0.04762514627424398	0.047571835107068666	0.04765185271611157	0.04763528615663344	0.04764438556734526	0.04761141047466419	0.04758522193390367	0.047672885660558745	0.04763185037441685	0.047500122946739345	0.04755299728244569	0.047706873225703716
AH	47	Pixel	AH	0.047697508759078786	0.047598268879820105	0.04755862731104806	0.04762514368927365	0.047622932673859926	0.04761126264983371	0.04759657862044033	0.04763252341188461	0.047661944943422525	0.047619590431325465	0.04757791295359006	0.04765185659837164	0.04763342234315454	0.047644389448996974	0.047623955555569725	0.04758522581073525	0.04766665818124464	0.047638081068490046	0.0475001268166378	0.04755890996768141	0.047695079885540524
AH	51	Pixel	AH	0.04770059940361411	0.04759826894656696	0.04755862737773933	0.04763004188878633	0.047629015130105395	0.047605434104627774	0.047603036133025765	0.04763266485258845	0.04765994252349271	0.0476300625317309	0.0475718390495194	0.04765185666519364	0.047627861721251226	0.04765043529021575	0.0476188123413837	0.04759105201522328	0.0476666582480874	0.04763808113529273	0.047500126883247035	0.047553001223335264	0.04768258253497278
AH	61	Pixel	AH	0.04770418250659046	0.04757864399917246	0.04755400549781723	0.04761847651275064	0.047615578793675756	0.04760543179527052	0.04760988260688174	0.04763252116800814	0.04767395127736434	0.04763145144790876	0.047583613966948796	0.047644107099406974	0.047627859410805995	0.04766442688074249	0.047605027372038894	0.047597903770268214	0.04766665593576014	0.047638078824351754	0.04750012457899827	0.047552998916521545	0.04769507763871713
AH	65	Pixel	AH	0.047717101822599	0.04759826707547993	0.047558625508210606	0.04761847695085922	0.047622930868584795	0.04761126084500097	0.04759657681616423	0.04761977323763045	0.047655339195605766	0.04761958862617704	0.04757791115002154	0.047658310520951666	0.04763342053748178	0.04764438764290847	0.04762395375025582	0.047585224006889505	0.04767288773736353	0.047631852449433985	0.04750012501601796	0.04755890816483324	0.04769507807753047
AH	68	Pixel	AH	0.047717098265728175	0.047598263527467134	0.04755221396938549	0.04761847340133997	0.04762292731873355	0.047611257296019616	0.04758981945922863	0.047605613937438326	0.047649199098351164	0.047619585076574926	0.04757131152316156	0.04767216003556879	0.04763337321150846	0.04764438409145782	0.04762395020032833	0.047585220459848955	0.047705233465049506	0.04762660578634993	0.047500121475320754	0.047558904619754296	0.04769428378138454
AH	69	Pixel	AH	0.04771709939418775	0.04760461713212251	0.0475586230878645	0.04761847452746717	0.04763531478181475	0.04761125842197616	0.047609880621956556	0.04761977081417243	0.04766734368515733	0.047631449462084335	0.047565239520012154	0.04765194845187004	0.04762139633832461	0.04764438521819778	0.04758613379053524	0.047585221585189755	0.04768557114595862	0.04763807683825103	0.04750012259864905	0.04755299693396793	0.047695075650240046
AH	70	Pixel	AH	0.04770418471872188	0.047598268844777185	0.04755862727603433	0.04761847872090771	0.04761658238771166	0.04759925213017403	0.04759657858539866	0.04763870957051221	0.04764825071171126	0.04763143664466621	0.047577912918562136	0.04765185656328927	0.047627861619398165	0.0476443894139201	0.0476313553901487	0.0475973987597365	0.04766665814615137	0.04763808103341781	0.04750012678166714	0.047558909932667474	0.047695079850426335
AH	79	Pixel	TS	0.047717096614045516	0.04757905328302443	0.047539125489542464	0.047618471753071115	0.047610543460869084	0.04760383101291088	0.04760987784806121	0.04762621942163643	0.04766734090791402	0.047626334375568714	0.047583609210753934	0.047639669882615136	0.04764826265689205	0.04766442211647001	0.04759289353703817	0.047592072036670215	0.04767248934256583	0.047638074062712886	0.047500119831148546	0.0475529941633868	0.04771749899310266
AH	80	Pixel	AH	0.047717099196187114	0.04758499167826009	0.04754627197237394	0.04761847432987577	0.047628146605423055	0.04761125822441471	0.04760988042440083	0.04762622199886034	0.04766734348736316	0.04762518100516641	0.047591008974231665	0.047645493387012045	0.04762785722750101	0.047657905983749485	0.04758549863057652	0.047592074612046294	0.0476787240482142	0.04763184982771434	0.047500122401548765	0.047552996736648236	0.04770159924843207
AH	84	Pixel	AH	0.04771709936881931	0.04757864199025483	0.04753986581462118	0.04761847450215116	0.04760949610985783	0.04760542978522182	0.047596574368582355	0.04762138278662482	0.04764920019987265	0.04761958617741182	0.04758968743177482	0.047651852341575617	0.04763983702459604	0.04766442486820284	0.04763071919496416	0.04759790176053738	0.04767772990418813	0.04763185000003811	0.04750012257339597	0.047558905719188416	0.04770121807812069
AH	93	Pixel	AH	0.047710490490803156	0.04759826732682861	0.04755221776507122	0.04761847720231462	0.047629199083214425	0.047611261096418264	0.04759657706750399	0.04762622487176654	0.04765580599249105	0.0476133221791827	0.04758530770365971	0.047651855043631744	0.04763983972597084	0.047644387894500706	0.047616551692453206	0.047585224258169315	0.0476666566260218	0.04763807951419959	0.047500125266848395	0.047558908415974085	0.04770122078297605
AH	95	Pixel	AH	0.0477171012888551	0.04759826654306526	0.04755820522968151	0.047618476418218494	0.04762919829894175	0.04761126031244096	0.04759657628376847	0.04761977270497522	0.04764920211717632	0.04761332139517146	0.04757870981392275	0.04765830998786538	0.04765209819995185	0.04764438710997792	0.04761655090838878	0.047579262469842294	0.04767326514162395	0.047631789916243304	0.04750012448470107	0.047558907632858825	0.04769521374232928
AH	96	Pixel	AH	0.04769396036244369	0.04759827037900096	0.04755820906238868	0.04763004332217651	0.047623020004449144	0.04760513046835558	0.04759658011956796	0.04763885249831339	0.04763551542074195	0.047630790108553554	0.047577914452129784	0.04765185809924033	0.04765210204022583	0.04765043672421966	0.04763135692543895	0.04760385183360273	0.04767289104606356	0.04762556776325794	0.04750012831272753	0.0475524840477404	0.047671037009362066
AH	99	Pixel	AH	0.04771710157190186	0.04759826682540712	0.04755221726413483	0.04761847670068023	0.04761658036756463	0.04759925011076224	0.0475965765661003	0.04763240974567337	0.04763551186436746	0.04762587416724211	0.04757791090005567	0.04765185454164573	0.047639839224111406	0.04764438739259335	0.04763135336937492	0.04759739674040334	0.04767288748689868	0.04763185219918473	0.04750012476646077	0.04755890791496721	0.04770122028047
AH	100	Pixel	AH	0.0477121799986773	0.04759826654022555	0.04755221697922918	0.04761847641537758	0.04762293033305308	0.04761126030960047	0.047596576280928865	0.04762621018980959	0.04764920211433358	0.04762449982759336	0.04757131453421404	0.04765830998502209	0.04763983893868076	0.047644387107135464	0.0476239532147126	0.047585223471781804	0.04767949736578138	0.04763185191380193	0.04750012448186722	0.04755890763002147	0.047694772368152685
AH	106	Pixel	AH	0.04771709954053696	0.04757864216147422	0.04753986598570103	0.0476184746735139	0.04760949628118826	0.047611258568000754	0.04759657453986628	0.04762622234255437	0.04764920037134596	0.04761958634877855	0.04758968760303397	0.047651852513058465	0.04763983719603565	0.04766442503973093	0.047630719366370956	0.0475920749554939	0.04767288545741602	0.04763185017144898	0.047500122744332796	0.04755890589033678	0.047701218249781185
AH	109	Pixel	AH	0.04771710144302723	0.04759826669685344	0.04755221713570553	0.047618476572071966	0.04762293048976212	0.04761126046627112	0.04759657643755119	0.04762622424142134	0.04764920227112907	0.04761958824738095	0.04757791077155697	0.04765185441294732	0.047639839095445446	0.047644387263915115	0.047623953371425005	0.04758522362836677	0.047666655995141485	0.047638078883697504	0.04750012463817216	0.04755890778651984	0.04770122015163826
AH	111	Pixel	AH	0.04771709654891588	0.04759232433903032	0.04755147448637116	0.04761847168807609	0.04762394082493403	0.04760383094793584	0.04760312208615891	0.04761285048249487	0.04766734084285229	0.04762517836299466	0.047572631015823326	0.04767215832037333	0.04763597826186733	0.04763786640629014	0.04759085999094834	0.04758521874778149	0.047691744803900836	0.04763283019989077	0.04750011976631507	0.04755299409848115	0.04771196777856418
AH	120	Pixel	TS	0.047690939394815536	0.047598269154505324	0.04755221959097972	0.04762514396411396	0.04762293294868747	0.047618372013884164	0.047596578895115794	0.047632523686767514	0.047655807822377126	0.047619590706133724	0.04757791322815781	0.04765185687336611	0.047639841555243846	0.04764438972394835	0.04762395583040317	0.04759178116238668	0.047659542158206745	0.047638081343405005	0.04750012709075664	0.047558910242139485	0.04770122261460596
AH	122	Pixel	TS	0.04767868653839518	0.04759826697974336	0.04753329258298438	0.047619594183287116	0.047603702875398196	0.047578589078999124	0.047584325305303835	0.04763869380535985	0.047642113212293606	0.04764505474622876	0.047584371039685394	0.04767817215787575	0.047633376666331176	0.047650409911423955	0.04763804437203061	0.047603775047951	0.047672685745214355	0.04764450084437068	0.047500124920478795	0.047577447178083175	0.04769477280856162
AH	9	Redmi	AH	0.0477113344993777	0.04763233818413726	0.04761122000515959	0.04763302972236291	0.04769014725412331	0.04761723432573883	0.04761008638312302	0.047614497557304715	0.04768126156824244	0.047618219316982284	0.04757263245738796	0.047639364761886176	0.047599029021154704	0.04763786784983157	0.04755665013655369	0.04756599842964886	0.047701352511385214	0.04761257307643114	0.047500121205682436	0.047546568921084935	0.04764847281240137
AH	11	Redmi	AH	0.04771087671557181	0.04761099226818818	0.04760477042704279	0.0476141667377011	0.047693036853864466	0.04762445702830213	0.04760799152479045	0.0476056138374658	0.047689381464546626	0.04760822295734767	0.047566838068723666	0.047655016978378366	0.047638956408202635	0.04763176189750269	0.04755938047652512	0.04756737968151813	0.04769624966709628	0.04761358157855303	0.04750012137556977	0.04755856069003529	0.047642643363073806
AH	12	Redmi	AH	0.04771087717885684	0.047617275443102486	0.04759006897835387	0.04762756589879548	0.047694733208923944	0.047624457490748	0.04762875110234605	0.04761586404734428	0.04768706240855699	0.04761213898929943	0.04757263308947727	0.04764619590350894	0.04761957942217495	0.047630869680216556	0.04756686869606704	0.04757322997964683	0.047693631247021716	0.047619664319159045	0.0475001218368083	0.04753975128728754	0.04762865979230451
AH	16	Redmi	SA	0.047693955638977825	0.04759826566501194	0.0475710864054006	0.04762595691740218	0.04764803526927888	0.04761713772035682	0.04760312593663359	0.04760721370457523	0.047667344698521436	0.04763009452917155	0.047572634863831675	0.047672162176432144	0.04762612695675959	0.04764391520672968	0.04759086384043119	0.04759167248586535	0.04772171122868765	0.047620320625917735	0.0475001236084582	0.047546571326210235	0.04765168119534628
AH	24	Redmi	AH	0.04771710221960419	0.047625176962972325	0.04761717669282551	0.04762895199533995	0.04763716264130908	0.0476091702095546	0.04760337623730924	0.04761568348862601	0.04767590918857548	0.047613322323896264	0.04757871074197244	0.04762603185517685	0.04760794373857338	0.04763719347513114	0.047609056258557034	0.04756561257621762	0.04767444766179703	0.047618898530667024	0.047500125411217904	0.047546470728851695	0.04769247706182525
AH	29	Redmi	SA	0.04771087305190689	0.047618951890734416	0.04758403274208956	0.04760468486825702	0.047676410008332136	0.04761702667809299	0.04761453546000285	0.047617314051383204	0.047696155741267725	0.0476151050441112	0.04756683441611931	0.047648154988259805	0.047654195781331066	0.04762414766875524	0.047557424709989686	0.04757322586460325	0.047722067638030954	0.047607943928542	0.047500117728088515	0.04753974717513983	0.047651050564962445
AH	30	Redmi	AH	0.04771709635163964	0.047598675828453646	0.04762316726439936	0.04763302808203942	0.04763668183317905	0.04760980711879326	0.04760312188935388	0.0476084389454831	0.04768791542230573	0.047620066527538876	0.04757263081914435	0.04762077439289422	0.04764087474148844	0.04762414951541194	0.047571244700450835	0.04756599679163371	0.04771535108301229	0.047607365399603134	0.04750011956993587	0.047546567283738864	0.047696926439500575
AH	31	Redmi	SA	0.0477170922937107	0.04760461004838323	0.04756634936371733	0.04760269396644244	0.047635307693507545	0.047611251337248625	0.04760311784111748	0.047600770689479134	0.04766965515167791	0.047626481552434534	0.04755943878469702	0.047668192638437315	0.04760853283430481	0.04764437812854087	0.04757863592031047	0.0475852145043366	0.04775043578494868	0.04762659982565801	0.047500115530458936	0.047552989857909914	0.04768813625267832
AH	32	Redmi	SA	0.047717091846024406	0.04759867133402008	0.04755146979980303	0.04760848989999964	0.047642053167632	0.04760382625620757	0.0476031173945005	0.04760077024288418	0.047667336144864625	0.047625173669162434	0.047566831769126496	0.04766579213066687	0.04762311321183765	0.04763786171120741	0.04757872983346108	0.04758521405788759	0.047744621674783695	0.04762659937882073	0.047500115084808336	0.047552989411763245	0.047700131980538234
AH	37	Redmi	ES	0.04751205286621222	0.047572472146747403	0.04753925503222364	0.04765780421268466	0.04758323649454996	0.04761749386048857	0.04758432054594015	0.047645142985853706	0.04764908068609059	0.047657516610879955	0.04764821547781942	0.04766561427922454	0.04763983461366626	0.04767649643381731	0.04766432683131754	0.04766878730749324	0.04760641484879227	0.04765113286710529	0.04750012016953679	0.0475901373517101	0.04767054437784635
AH	49	Redmi	AH	0.04771087974953431	0.04763698846301449	0.04759213691069704	0.0476205508873032	0.04767569215723428	0.04761745460273952	0.04761454214410645	0.047615279443459835	0.04767539643717595	0.04763145126453511	0.04756524131995744	0.047651208960956745	0.04762017568844804	0.04764438702113807	0.04757942321570856	0.0475729119984334	0.04768654393476353	0.04760743138537794	0.04750012439613021	0.04754657211465246	0.047635607904633386
AH	51	Redmi	SA	0.047717094923326965	0.047598843128807855	0.04760328824554772	0.047604313692403324	0.04767337212912247	0.047616608543543326	0.04761078060484763	0.047603245670676045	0.04768253760226361	0.04759061496673193	0.0475668348367387	0.04765501443018668	0.047660054526229796	0.047617485901377855	0.04755789420177654	0.04757322628527916	0.047717586044741356	0.04761343508205985	0.04750011814811795	0.047558822307295856	0.0476788287289255
AH	61	Redmi	SA	0.047693952291216424	0.047604614802662544	0.047577449562302254	0.047606785546782	0.04764789807572263	0.047617134377987466	0.047603122595247765	0.047614875607070666	0.04767026276258982	0.04762513050470144	0.04756683696590948	0.04767353244576315	0.047608537588975895	0.04763747022399541	0.04757873503154395	0.04759763170444187	0.04775252116368768	0.04762038737957386	0.04750012027430237	0.04755299460703392	0.04765000648848949
AH	63	Redmi	AH	0.04771709622571607	0.04763245353574683	0.04757755187524193	0.047614390669167915	0.04765598723228068	0.04760318794225945	0.04760987746060433	0.04762266959801611	0.04768791529645916	0.04762006640187136	0.047572630693602014	0.047632526749365335	0.04764695177991685	0.04763142526255398	0.04754989041476934	0.047572907039300505	0.047688385795978165	0.04761934180564411	0.04750011944458489	0.04754656715826531	0.04769805761865577
AH	65	Redmi	SA	0.04771709346456119	0.04760629133614323	0.047597400761783135	0.0476026951344859	0.047674389610293876	0.04760984829004676	0.04759751526364014	0.047616243962638305	0.04769395691073177	0.0475896462495002	0.0475784791631207	0.04763768085123217	0.04766189057646464	0.047618004049664334	0.04754988766328984	0.04756808709358156	0.04773036471128955	0.047595540252253925	0.047500116695985396	0.04757690804873416	0.0476779599105591
AH	66	Redmi	AH	0.04771709839136617	0.04759867786311814	0.047641979449343966	0.04765236747305409	0.047635406749040134	0.047615830329526106	0.0476047635276839	0.047590073979804214	0.04768162331220775	0.04759548635310735	0.04758428005313306	0.047601303359075156	0.04763940130744253	0.04761101308136357	0.047583941328432064	0.047560861867953934	0.04770234692574092	0.047595471199284756	0.047500121600387454	0.04758334368087423	0.0477046081680605
AH	70	Redmi	AH	0.04771710138870406	0.04759826664266555	0.04757234845842572	0.04762586555199215	0.04762901282471578	0.047611260412068444	0.047603033828893616	0.04761977280462052	0.04767485043331038	0.047625147915910264	0.04756524150818091	0.047650561783838516	0.04762675739142454	0.047644387209674725	0.04760391734630873	0.04758522357419373	0.04767326524138118	0.04763179001591374	0.047500124584096	0.047552998921624956	0.04768907216205643
AH	74	Redmi	AH	0.04771709457321987	0.04759867405444742	0.047577550227578314	0.047618469716463586	0.04764372269265461	0.047603828976929524	0.047603120115181946	0.04759558194952868	0.047680406832906364	0.04762006475273541	0.04757262904610882	0.04763944931611108	0.04765900505251758	0.047624147740456306	0.047578732552748686	0.0475792557736063	0.04771640584145613	0.047614098420874953	0.047500117799602844	0.04754656551167472	0.04771107905319676
AH	77	Redmi	AH	0.047717096359026955	0.047605678527130275	0.047559206488598356	0.047618471498579645	0.047650565257481445	0.04759682833899273	0.04760312189672355	0.04761327702201306	0.04766734065316137	0.04761310679305386	0.047572630826509296	0.04765222465774421	0.04764154977298033	0.047630589360017093	0.04757873433337759	0.047585218558417366	0.047711559078795054	0.04762660388326465	0.04750011957728959	0.047552993909245264	0.04770308320759831
AH	86	Redmi	SA	0.047711333169459955	0.047624784982146263	0.04760455662166512	0.04761439110728658	0.0476784884726792	0.04761027265973209	0.04759055743939102	0.0475952626708021	0.04770721850968098	0.0476066731166279	0.047584278331352536	0.04763854265139861	0.04762536268650856	0.04762528217767918	0.04756448497981167	0.04756809028380681	0.04771454287685967	0.047595543444320355	0.047500119881652106	0.047570088622956905	0.0476701253141824
AH	88	Redmi	SA	0.04769395509576468	0.047599945018584174	0.04757234693947637	0.04762595637496351	0.04764167218569159	0.047609711625746357	0.04760999515009744	0.04763544460923531	0.04768773013725942	0.047623790629222264	0.04757263432200032	0.04765748323331335	0.047640324375989876	0.04764391466408647	0.047575151127182316	0.04757985487963181	0.047702433881468775	0.04762556250413128	0.047500123067452715	0.04753975251895868	0.047662217659743406
AH	89	Redmi	SA	0.04771709376209999	0.04759232155950149	0.047559203900264295	0.04761438821085448	0.0476239380435587	0.047603828167734986	0.0475962714958178	0.04760077215428888	0.047681289505544414	0.04761376191317542	0.04757262823744463	0.047658581744526564	0.04764154718016487	0.04762414693091638	0.04759651054403754	0.04758521596866764	0.04772170458153578	0.0476266012912626	0.04750011699217124	0.047552991321249315	0.04771708649518274
AH	93	Redmi	AH	0.04771710235585462	0.04759877910557601	0.04760456204716926	0.047639191739801176	0.04763693156865195	0.047616174580751056	0.04760988357696866	0.04761977376979839	0.04766855897556764	0.04762007251954465	0.04757263680518131	0.047626062431170485	0.047628873070421886	0.047637872203586965	0.04758965542662717	0.047571962120363444	0.04765175907847999	0.047631922274613984	0.047500125546848786	0.04755299988544942	0.04770510091757322
AH	95	Redmi	AH	0.04771133670734574	0.04760442955720545	0.04762975230979979	0.04763303192670719	0.047656726965128515	0.04760981096158677	0.04760988142904415	0.047629051145431305	0.047694335556010735	0.04761822152064117	0.047579230922763345	0.04760630746917281	0.0476274851471753	0.04763142923278988	0.047571248540131804	0.047566000630891093	0.04767641023080169	0.04761261023705678	0.04750012340387602	0.04754657112142801	0.04768600498501245
AH	104	Redmi	AH	0.047717099494710154	0.04759867896372393	0.04763630218688635	0.04764828497368118	0.047661552889198745	0.04761583143052851	0.047611520558454246	0.04761067548661148	0.04768162441473146	0.047588531304050455	0.047590879032096405	0.04758669762430748	0.04765339396430947	0.04761101418225458	0.04757752741252479	0.04756086296768532	0.04766655487208155	0.04760071198496433	0.04750012269871437	0.047576914061167486	0.04770521949731764
AH	107	Redmi	AH	0.04771709770642714	0.04761106608784731	0.047592133426393374	0.047606779060578856	0.04766101366309471	0.047617618402095135	0.0476031232409054	0.047605613379444016	0.04767378767696592	0.04762021934863581	0.04756683761107495	0.0476630125735904	0.04762078943846015	0.04763142674060659	0.0475787356768708	0.04757925889776277	0.047715002862601066	0.047613582253893005	0.04750012091856294	0.047546568633684685	0.047676212400505104
AH	113	Redmi	AH	0.04771710067442838	0.047598848865656976	0.0475976202298521	0.04761439510830488	0.0476682753383526	0.047610195736131206	0.04760333494826613	0.04761493336266677	0.04767484971966715	0.04761249140928915	0.04756524079617842	0.04764420246067886	0.04765364886820779	0.04763827953825393	0.04757864427671058	0.04757926185719045	0.04766929122629771	0.04761260146448754	0.04750012387306824	0.04755905983724736	0.047687600409063835
AH	124	Redmi	SA	0.04769697313494401	0.04761133792838744	0.04755174336589739	0.04760884904722239	0.047625306928270106	0.0475843574988301	0.04760228587236042	0.04760176972386711	0.04766048598573986	0.04764689399260707	0.04757829548705005	0.04767299414176556	0.04765901143853592	0.04764313038020568	0.04759510505250588	0.04759781096151287	0.04770766166313063	0.04762000388318254	0.047500124164331255	0.04757153530667042	0.04766432404298334
AT_CA	2	Pixel	AT_CA	0.047641940636213645	0.04770925616280911	0.047564301260920545	0.047625554013931704	0.047669397618633126	0.047597757889718637	0.04767072643747457	0.04765365822161937	0.04765980200311892	0.04764368617765839	0.047595928060448135	0.047684345583166546	0.047584636937223486	0.047626930032031674	0.04756141329110422	0.04761042823451947	0.04765173703998843	0.04762566387554509	0.0475001225786119	0.04755266514274539	0.047570048802517646
AT_CA	5	Pixel	AT_CA	0.04750645407319665	0.04771545560782144	0.04757681334122928	0.047659172178064986	0.04765736737977969	0.04760508691037797	0.047684494772015903	0.0476672450518143	0.04766047399486438	0.04768300860294289	0.04761315379689856	0.0476776660620052	0.047553257328709166	0.04763343303535	0.0476009337723719	0.04764958274620119	0.04761006177987427	0.04765605792046306	0.04750011113895901	0.04754635328513504	0.04754381722192539
AT_CA	10	Pixel	AT_CA	0.04750644882757307	0.047722785735405775	0.047617055417232365	0.047684497750994155	0.0476751774033841	0.047624005730559686	0.047691256751080394	0.047712418582604325	0.04767369636297932	0.04763620718635883	0.047636015736597044	0.047624397682515994	0.04757212792217257	0.04761810443063165	0.04757190708472175	0.04766381312046843	0.04756486781369542	0.04763220728505408	0.04750010589403582	0.047539093650408024	0.04753380963152714
AT_CA	11	Pixel	AT_CA	0.0475063124743387	0.04770429467044026	0.047610608010554806	0.047691724484676054	0.04763109554255481	0.047610377339851295	0.04767296646120143	0.04766554668265638	0.04765425236208671	0.04767018918907454	0.0476271107820253	0.04764561837274176	0.04755894226560571	0.047632389571621137	0.04759667888299923	0.04762942564354237	0.04759766376523645	0.04764462418505181	0.047500118507045684	0.047545858755157586	0.04760420205153792
AT_CA	12	Pixel	AT_I2	0.047655827709633516	0.04769021726693937	0.04760865935213626	0.04764461076337336	0.04770264194996108	0.04763141741616472	0.04768299683298288	0.047671593534506194	0.04766638376248642	0.047622995014881195	0.04760288187170351	0.0476437431020618	0.04760419700837238	0.047614335203691	0.04754200403920696	0.04760436668444477	0.047632594723648176	0.04760534242632346	0.04750011932603595	0.047533562231776606	0.04753950977967005
AT_CA	20	Pixel	AT_CA	0.047500105937009394	0.04772288505142077	0.04757792881964026	0.04767301765128444	0.04764409158574076	0.047611230256997886	0.047690447254723385	0.0476714408014351	0.047654975797353005	0.04768556786122702	0.047602085725307546	0.04767113735276418	0.04752822180257002	0.04763237696658173	0.04759167619458828	0.04764299298339677	0.04762744181767532	0.04768194077743023	0.047500105937009394	0.047539906532383734	0.0475504228934606
AT_CA	23	Pixel	AT_O2	0.04750679015300877	0.04768413250325756	0.04757777825480954	0.04768270349598127	0.04763750943876163	0.04763795252679635	0.047657415387512475	0.04769208827914654	0.04764384611481862	0.04764387189818182	0.047624495426689034	0.04765204661144614	0.04756481774054988	0.047648694669881184	0.047616400063086144	0.047636569470786476	0.04757344523202979	0.04767694173777548	0.04750011773968555	0.04754596114351639	0.04759642211227948
AT_CA	24	Pixel	AT_CA	0.04751396002893587	0.04771060528203995	0.047620515529921977	0.04767686797148424	0.047663588418597816	0.04764436066794517	0.04768946756314213	0.04769208155607386	0.047647479292718904	0.04767544720301127	0.04761449749871479	0.0476396572762349	0.04757193962678977	0.047626845678272856	0.0475981999353825	0.04763059531948589	0.04755967090031994	0.04765166406552073	0.047500111043674624	0.04753362237118409	0.047538822770548675
AT_CA	26	Pixel	AT_CA	0.04764815200491464	0.047703870688126364	0.04756555349625863	0.04766343674089161	0.04765532327609838	0.04760937356790446	0.047678925720488964	0.04767993846547479	0.04766705213819046	0.04762502836172178	0.04759138435327644	0.047644840879666965	0.047570801375822966	0.0476193053749039	0.047563207423358254	0.04759871637336622	0.04765887733995624	0.04761784277212528	0.04750012148995076	0.04753317046009629	0.04760507769740663
AT_CA	42	Pixel	AT_CH	0.04753235880387448	0.04770240991944106	0.04770555969933043	0.047699025774444216	0.04770155911734408	0.047643944487030875	0.047684629885147274	0.0476614785287743	0.04768061243307727	0.04762415744862869	0.0476264308423747	0.047604524411180335	0.047586007263367855	0.047595222322953844	0.04757259727432967	0.047606498092140584	0.04756330842571228	0.047613411273369224	0.047500110059643434	0.04755670940297616	0.0475394445348592
AT_CA	46	Pixel	AT_O2	0.047506458752536805	0.047678481361571656	0.047601568297492854	0.047684507713155556	0.04766248687692439	0.04761759613599933	0.04766488688666616	0.047687366748089925	0.047680358628514184	0.04765633139791184	0.04762255853117483	0.047638385883976724	0.04759087030188326	0.04764484888282475	0.047605477477879014	0.04765007031345803	0.04757817281554617	0.047644763921310715	0.047500115817674396	0.04754550062328296	0.04753919263212651
AT_CA	51	Pixel	AT_CA	0.04750631163113931	0.047696918385343394	0.047578214529109195	0.04767014453651441	0.047636292039723624	0.04760438992113612	0.04767771252414933	0.047667525198370246	0.047653644065037075	0.047663601427193086	0.04762132047816413	0.04767718681303064	0.047565278896006334	0.047639387751961214	0.04762847543954744	0.04764958929173103	0.047612368347987405	0.04762799485368711	0.04750011766395624	0.04753851700515522	0.0475850092010575
AT_CA	59	Pixel	AT_O2	0.04752662292972789	0.047678072753889536	0.04765505283805889	0.04768408522439575	0.04766870822471315	0.047631034777816265	0.04766288373109042	0.047699252375923276	0.047687413485293886	0.04764245396035626	0.04762850266652476	0.047620783270712924	0.04756622547278742	0.04763286955356219	0.04760351145733237	0.047617662277949606	0.0475634699969443	0.04764567263117804	0.04750011536434881	0.047533994367438874	0.04755161263995527
AT_CA	61	Pixel	AT_O2	0.04750011484193695	0.04769102888598778	0.04759557361215838	0.04767131815328573	0.047644062948208984	0.047624014701800624	0.047643703565322125	0.04769208536968676	0.047660582351007945	0.047650301017283785	0.04762396007123885	0.04766560895756969	0.04756013950082364	0.047662211593729686	0.04761786387346489	0.04765469102002423	0.04755967470334486	0.04766512831618419	0.04750011484193695	0.0475655566878892	0.04755226498711464
AT_CA	62	Pixel	AT_I1	0.04750631368673972	0.047679033719590286	0.04764172635398809	0.04769908840869646	0.0476223509486474	0.04762945892607965	0.047659718732904185	0.04767282142482693	0.04766125336800669	0.047657492125439904	0.04762860947850526	0.04762649752432615	0.047552185194616715	0.047631762184900214	0.047589452170296954	0.04762942685908535	0.04759082022854659	0.047664927750492865	0.047500119719288636	0.04755861218300312	0.04759832901201883
AT_CA	63	Pixel	AT_CA	0.04751395593757463	0.04771669993889357	0.04760355965355763	0.04769211348619413	0.04764389644634107	0.047644841940351824	0.047708828705805034	0.0476796648623942	0.047654976817163706	0.0476754286370931	0.04758227266179951	0.04764612649316552	0.047527324079098786	0.04761387108588361	0.04757938210612057	0.04763104720982676	0.04760461403199808	0.047680143006811726	0.047500106953505906	0.047538429272777794	0.047562716673642945
AT_CA	68	Pixel	AT_CA	0.04751265741134994	0.047691037025079874	0.04761628448905002	0.04768611738311503	0.04762979948538909	0.047610378516944676	0.04765340410420831	0.0476667471000315	0.04766814949041059	0.04768371117633597	0.047620564142074946	0.047644228559849226	0.04755206367697884	0.04763238868096401	0.04759116050632166	0.04763631095764471	0.047603756594301314	0.04764476779681533	0.047500119681413086	0.047545638626766064	0.047610714594955784
AT_CA	69	Pixel	AT_CA	0.04758844300105815	0.04771660075367854	0.04762340282431125	0.047671321553730696	0.04768363532466461	0.047597753532338416	0.04767048277293982	0.04767297813814254	0.047673966156690895	0.0476654212373972	0.047567540772860635	0.04764516751500952	0.04759162651495988	0.047633282002257214	0.047578264045972145	0.047604980225494475	0.04760565807318314	0.047625022796859845	0.0475001182301698	0.04755132747355547	0.04753300705472567
AT_CA	70	Pixel	AT_CA	0.0475131359598512	0.047702607245986996	0.047616133449016315	0.047669517401616956	0.04766917498856003	0.04762375022474724	0.04767644022300605	0.04767316639993239	0.04765358755350145	0.047651840631104316	0.04761670296696822	0.047652524528661776	0.04758535190105674	0.04762676904306887	0.04759174363988867	0.04764867425162369	0.0475799622991451	0.0476255756897099	0.0475001197198646	0.04755936795074919	0.04756385393194038
AT_CA	77	Pixel	AT_O2	0.047500114316854476	0.04769152512708562	0.0476093071303033	0.04769189093353002	0.04764423145095659	0.047630587682016313	0.04764480299994458	0.047692084842482184	0.04766808551496575	0.04765048619791895	0.04760423402913945	0.04765077974798326	0.04756587375712453	0.04763695141184281	0.04761776890993215	0.04764320793538885	0.047559674177604	0.0476813162536934	0.047500114316854476	0.04756449658311445	0.047552466681264595
AT_CA	80	Pixel	AT_I2	0.04764986742459958	0.04765204416013556	0.04762972123272472	0.04766357561833437	0.04770458025159749	0.04763744994591683	0.047641930241376106	0.04766549354617104	0.047688416679570876	0.04762313214735995	0.04756587879127592	0.047631093101969856	0.04760528797208581	0.04764967777142879	0.0475521648740801	0.047598227277193005	0.04762462094235219	0.047617297705832	0.04750012243714314	0.047533797019871746	0.04756562085898105
AT_CA	81	Pixel	AT_O1	0.047674823334537146	0.04769012352958216	0.04765012810410305	0.04765056803959947	0.04768963518196807	0.04761773509116275	0.04769067118055472	0.04767300800873441	0.047660891012174945	0.04761814383280648	0.047576472264278594	0.04761080375529026	0.047604872450820325	0.04761250975647272	0.04755292992458496	0.04759749051494064	0.047626782810582434	0.047604619066349434	0.04750012067435681	0.047546182548210456	0.04755148891889024
AT_CA	87	Pixel	AT_CA	0.04750011234512026	0.04770345640865339	0.04757047392060394	0.047663957227513314	0.047651062285207546	0.047617592654856655	0.04768853692809979	0.04767508510136396	0.047653580154930104	0.047676794703084016	0.047607540035110474	0.047685671065618544	0.0475658153411576	0.04763286713036652	0.0476048393674204	0.0476550793103545	0.04759153935496642	0.047647011233799774	0.04750011234512026	0.047538173121847244	0.04757069996480527
AT_CA	90	Pixel	AT_CA	0.047500109318929166	0.047716543929967235	0.04761348220545104	0.04767913887557437	0.04765798257575242	0.04761117203801825	0.047690264151443035	0.04769558601035183	0.04767353824987942	0.04767686972277598	0.047627915125124036	0.04761952072143996	0.04754747185894906	0.0476271928561037	0.04759841850157871	0.04765555073512417	0.04756506792358945	0.04763557129020636	0.047500109318929166	0.04755037511195718	0.047558119478855285
AT_CA	94	Pixel	AT_CA	0.04753236171234377	0.04769570500225703	0.04768051297198314	0.04769144434386763	0.04768292380783663	0.04764305087655615	0.04768299044860051	0.04766051205253481	0.04768124707228451	0.047649432604646824	0.047602576590886056	0.04761942420281799	0.047586749909234914	0.04762684760586699	0.0475624590273182	0.04760548170801257	0.04760403398444114	0.04762537607863952	0.04750011296613945	0.047527309589970236	0.04753944744376206
AT_CA	0	Redmi	AT_CA	0.04758843777711374	0.047715457493292854	0.04760397996556452	0.04762481958663098	0.047670917701460085	0.047585248982910756	0.0476704289684848	0.04765823173938205	0.047668373405887345	0.04765917257031822	0.04757450222102642	0.04769946903833832	0.04757435326301058	0.04762567552028035	0.04756255934112887	0.04761185560211984	0.04768698819631505	0.04765394293583838	0.04750011301592111	0.047545836431190376	0.047519636243785385
AT_CA	1	Redmi	AT_CA	0.04752661909650047	0.0477162081087836	0.04765288199724386	0.04767297326133001	0.047681218677578595	0.04761943303376442	0.04769037401038987	0.0476797268079213	0.047666386159015264	0.0476430282063045	0.04761500890260093	0.04763010591161392	0.04756015893471591	0.04760912652570385	0.04758760458045751	0.04766413049396166	0.047576209630793065	0.04763655763617558	0.047500111533259344	0.04754590862000564	0.04752622787188057
AT_CA	4	Redmi	AT_CA	0.047655157692690436	0.047729617811572846	0.04764843961750217	0.04764812768477514	0.04766396875977106	0.047611613375819234	0.04770290738962264	0.04767949014684775	0.04766732319936592	0.047675818891744604	0.047573915313919704	0.047640624030439796	0.04753537293629629	0.04760939457109519	0.047571090065382196	0.04757685018546191	0.047629317779234036	0.047643263131068966	0.04750010765833458	0.047524539894744255	0.047513059864311306
AT_CA	16	Redmi	AT_CA	0.04752595145747831	0.0477287431129401	0.04766964363049506	0.04768753890036427	0.047669388895516626	0.04760399334714959	0.047697278256477564	0.04767852298048566	0.04767369441246316	0.04765631735355746	0.047608470656350155	0.04764413868136543	0.0475410637813997	0.047612156966732856	0.04756566426088232	0.04763169288168715	0.04760948478852643	0.047655421868621366	0.047500103950621916	0.04752028069968073	0.047520449117204086
AT_CA	20	Redmi	ES	0.04751205574309821	0.047572475027291825	0.04757032840565506	0.047665164568888065	0.04758323937574617	0.04761749674375909	0.047584323427201994	0.04764514587079839	0.04764908357127371	0.047657519496573875	0.04764821836295015	0.047652579320716155	0.047639837498289525	0.04767649932066046	0.04766432971742382	0.04766879019386961	0.04759957172128595	0.04765113575241267	0.04750012304570025	0.04759014023332416	0.04765194260308107
AT_CA	24	Redmi	AT_CA	0.047635969357614744	0.04771649623550909	0.04763576908751904	0.04765844290980796	0.047689633945663626	0.047598233187199024	0.04769690004315667	0.04771337500231464	0.04768695177066551	0.04763900684236887	0.047588362935045626	0.04760574171709884	0.047567334652874216	0.04760675563176314	0.0475588463422847	0.04761040090761363	0.047592350083403435	0.047616426818681765	0.04750011299561338	0.047543386089804344	0.04753950344399784
