label	time	source	prediction	AH	AT_CA	AT_CH	AT_I1	AT_I2	AT_M	AT_O1	AT_O2	AT_S	CN	DC	DF	DG	ES	GL	HA	SA	SN	SS	TMA	TS
AH	111	Xiaomi	SA	0.047681981151410605	0.04762515940946031	0.047590369053921694	0.04760679277644468	0.04767650626823693	0.047629408707827836	0.04760799765086779	0.04761299826002792	0.04767541465009257	0.04759845249136814	0.04757150727663607	0.04767542183102205	0.0476349763521976	0.04761918512326441	0.04757363472737467	0.04759763893271442	0.04770171093881834	0.04760715858389067	0.04750012748776665	0.047587756793670256	0.047625801532986275
AH	112	Xiaomi	SA	0.047681984463455084	0.04762509124072772	0.04757038265363209	0.04762596411514061	0.04766551851245101	0.04762894160275408	0.04759522168713941	0.04761160234592238	0.047675522900986506	0.04759966287721549	0.04759036481663264	0.04763999564628992	0.04764455955257325	0.04762406060387978	0.0476114456373443	0.047592501864578036	0.047687444638909955	0.04761479731842044	0.04750013078717937	0.0475828683615024	0.047631938373265605
AH	113	Xiaomi	SA	0.047688199089903384	0.04759815288784603	0.04760398657938408	0.04762596106314794	0.04765564076583938	0.047615737476182626	0.04759056531595738	0.04760936908119875	0.047686832089466634	0.047606481221181676	0.047584286206879656	0.047632730457680975	0.047647732150296114	0.04761795319949728	0.04757874251285343	0.04759249881472972	0.04770139339295991	0.04760183535067657	0.04750012774325042	0.047589449751055696	0.047672324850012174
AH	114	Xiaomi	SA	0.0476819807825832	0.04761815268943668	0.047578158287948924	0.04762596043859329	0.047658317136182786	0.04761607714621588	0.047602584783445256	0.04761488246965353	0.04769367270209051	0.04761868320259672	0.04757263838108046	0.04765197265004023	0.04763235950652615	0.04763747708983476	0.047604014297783395	0.04759167600452166	0.0477018221530475	0.04762032414669213	0.04750012712034591	0.04755300146069807	0.047626117550682905
AH	115	Xiaomi	SA	0.047681979095455976	0.04763144193770877	0.04757815660449524	0.0476333489486096	0.04767656906744285	0.047622913407849146	0.04762140391246585	0.0476223046187395	0.047688106257878636	0.04763009636537711	0.047572636697822086	0.047651210007798886	0.04761914936096551	0.047643917043468036	0.04756614385360915	0.04759167432058968	0.04769327998770598	0.0476203224617465	0.0475001254396532	0.04754657315919586	0.047608647451422605
AH	116	Xiaomi	SA	0.04768819110821194	0.047631167574911724	0.04759766233768706	0.04762164585176987	0.047686862004767225	0.04762349634495948	0.04760312211293873	0.04760720988055202	0.04770721842067946	0.04761816954027611	0.047566836483968075	0.04765023499398861	0.047605996656281284	0.04763746974133836	0.04756448489107643	0.04758563725259548	0.0477235852625533	0.04761410041909247	0.04750011979303694	0.04753974924181105	0.04762704008750447
AH	117	Xiaomi	SA	0.0476881981869505	0.047618780504756035	0.04761786972833794	0.047640519041432676	0.047650289778686565	0.047615692517313006	0.04760312917904982	0.04761488219249823	0.047687714788727534	0.047623136565487334	0.04757263810417105	0.04763937041659026	0.04760888422317051	0.047637476812547944	0.047571251985265274	0.047584372409356215	0.047698370168378884	0.0476198746037105	0.04750012684385858	0.04755300118390296	0.047654420765808524
AH	118	Xiaomi	AT_S	0.04768819992878841	0.04761283813433763	0.047642730199399186	0.047650069133875116	0.04765000044405269	0.047660777441848164	0.047603866191962156	0.04761066749005237	0.04769434075212044	0.04761847846938863	0.047590884923443974	0.04760022104829992	0.04763992237652358	0.04761220772006033	0.04757125372283166	0.04756500426696586	0.047642424581293134	0.04760701573890812	0.04750012857882707	0.04757695436191161	0.04766201449510987
AH	119	Xiaomi	SA	0.04768198224614315	0.04761962647471499	0.04761735882211358	0.04762680963922511	0.04765240152580499	0.04766159408244511	0.04760123880430915	0.04761205663079908	0.04765981371468861	0.04761443280167465	0.0475655242380493	0.04765357249563969	0.04764036891383937	0.04763857975695601	0.04760458326716357	0.047564182555342276	0.047686504442609426	0.04761981435773628	0.047500128578324016	0.047552484313629635	0.04762694233879178
AH	123	Xiaomi	SA	0.04768197550270054	0.04763738070440805	0.047583237722739306	0.04761425954484607	0.04768193179230092	0.04763033743030146	0.04762140032427466	0.047614634590936164	0.04769347860176405	0.047631400348009334	0.047559445122743974	0.04765823805142931	0.04762090872006139	0.04765043025167529	0.0475742633056311	0.04758563932388103	0.047708609778038966	0.04762031887363679	0.04750012186060013	0.04753975131109922	0.047592236838922414
AH	124	Xiaomi	AT_S	0.04768197937334838	0.04763738457143585	0.04763624346326479	0.04764051791072778	0.0476759691698463	0.04763632099265857	0.047621404190005226	0.047626458142197334	0.04770118019293629	0.04763009664296714	0.04757263697507724	0.047614084981796256	0.0475867879346473	0.047637475681915245	0.04756048482563461	0.0475843712799839	0.047679012912640234	0.04762039283553648	0.04750012571648576	0.04755300005527522	0.047604072151620325
AH	125	Xiaomi	SA	0.04768197742169241	0.04763144026571919	0.04761703461233228	0.047628816764971514	0.047685833831295654	0.047628890499324436	0.047621402240828635	0.047614636507217846	0.047688104583899986	0.04762444086637506	0.04755944703680452	0.04763748847865166	0.04760827608809638	0.04765043216939759	0.04757353665670566	0.047578408434543126	0.0477080399215151	0.04761257564909803	0.047500123772273174	0.047546571490185395	0.04760252270907211
AT_CA	469	Xiaomi	AT_CA	0.047648619084696246	0.047723346578069856	0.04759027671567986	0.04762726090747376	0.04765646969589815	0.047579916352633526	0.04772220157752083	0.04768576936812481	0.04766679129463106	0.04765041806333893	0.04757396918753937	0.0476576800492079	0.047540304689786886	0.0476394721525038	0.047560595844426665	0.04761167712917333	0.047631900806149756	0.04766833813256484	0.04750010873497716	0.047512512621202006	0.047552371014401136
AT_CA	470	Xiaomi	AT_CA	0.047506452752574604	0.047710683476274336	0.04759820170247738	0.0476407311551869	0.04764960268015214	0.047606067491461256	0.04768777316091754	0.047678758488167675	0.0476549796915122	0.04768509203487511	0.047599757259007607	0.04770301658434912	0.04756576100478679	0.047632815717239915	0.04761962227543492	0.04763697669266868	0.047579100729201636	0.04766363467787532	0.04750010981851329	0.047537833453618214	0.047543029153705334
AT_CA	471	Xiaomi	AT_CA	0.04752029906369255	0.0477228844087343	0.04764131884766597	0.04764693716133345	0.0476694136859777	0.04763298473862795	0.04770118910292777	0.047692003235947494	0.04766785101207945	0.04766958198414399	0.04757511748778461	0.047645574251741214	0.047548745273564376	0.04764845270670809	0.0475726192582791	0.047611279834758435	0.04761214315576086	0.04767080153333127	0.0475001052973231	0.04751250918265025	0.047538188776967964
AT_CA	472	Xiaomi	AT_CA	0.047513124673233945	0.047722836167749805	0.04761612213793229	0.04767220312172804	0.047662647053895016	0.04760606610620409	0.0477019948538952	0.047693474133496956	0.04766752365226226	0.04765862420303221	0.04760745370234666	0.047659937067119476	0.047547176260333245	0.04761332218610639	0.047583893793018826	0.047648714887402924	0.047583841210356595	0.047651931270715514	0.04750010843633932	0.04752522325589786	0.04756378182693329
AT_CA	473	Xiaomi	AT_CA	0.04752030069622777	0.04772283465350792	0.04762175296669448	0.04765783424227201	0.04768257169359845	0.04762058715040542	0.04771534922388959	0.04769805956164047	0.04766804136737938	0.047656604164182215	0.04758671726778821	0.04763888876700921	0.04754798134887769	0.04762939062546967	0.04757857769501252	0.047636558629210526	0.04757740807368338	0.04765832260364395	0.04750010692916456	0.04753164548090747	0.047550466859435085
AT_CA	474	Xiaomi	AT_O1	0.04752660964776227	0.04771738124623008	0.04759016583812955	0.04762149536038997	0.04767723197147615	0.04760723861323921	0.04772190671844764	0.04768580690165352	0.04766180021135778	0.04765781294348642	0.04758091614579834	0.047673448391063515	0.047538014034999625	0.04765316533367037	0.04758495592107272	0.04763912019137463	0.047645225289000864	0.04767932254834264	0.0475001020897911	0.04750668312497242	0.04753159747774133
AT_CA	475	Xiaomi	AT_CA	0.04760230098591423	0.047722542515120994	0.04760319170207164	0.047642138534737	0.04770397283941879	0.047642074331052636	0.04771534378212046	0.047659464401336296	0.04768154704202421	0.04764385858888403	0.04752997569371037	0.047668798783500776	0.047556930313299745	0.04761039447860008	0.047539656115955356	0.04758262261695012	0.04766148531492553	0.04768284323268627	0.04750010151194305	0.047519160316238505	0.04753159689951013
AT_CA	476	Xiaomi	AT_CA	0.04752660358592095	0.047723333814719666	0.04767851672961125	0.047680337035088026	0.047685092090733336	0.047656545566557386	0.047715417180963934	0.047685121232913706	0.047687455922148916	0.04767329355865426	0.04757439087001848	0.04762013023279687	0.04753565465381961	0.04761554200618197	0.04756438672722627	0.047602802700378546	0.047601287103259046	0.04765426765786732	0.04750009603133072	0.04750667706567266	0.047513048234137024
AT_CA	477	Xiaomi	AT_O1	0.047526604418967604	0.04771740216836082	0.047679548221270705	0.04770494761586987	0.047690991490192534	0.0477026661049656	0.04772190146816673	0.04767136278148048	0.04768745675801499	0.0476190842905872	0.04760672489955052	0.047607510504450154	0.04754646011591701	0.04757772722405888	0.04756423924850866	0.04759457961234646	0.04759497270393347	0.04763696725297283	0.047500096863912745	0.04754216226589065	0.04750659399058236
AT_CA	478	Xiaomi	AT_CA	0.0476690481393919	0.04772336792380891	0.04761817378047304	0.04765254102935776	0.04767907352408877	0.047650441772891385	0.047715425113551216	0.04766463927713762	0.04765454226981737	0.04764443157344846	0.04753686951267601	0.04765090184069694	0.04752172219834696	0.047596135799109866	0.04755170383102684	0.0475659169709913	0.04767300535832503	0.04765572032921448	0.04750010392812131	0.04751916143106204	0.047557074396462846
AT_CA	482	Xiaomi	AT_S	0.047520168836508246	0.04767732272867779	0.04759067929724977	0.04766391610120198	0.04766933441725469	0.04763735440261204	0.04766470181813587	0.04764614977310605	0.0476802254428939	0.04764882825887701	0.047627520652857296	0.04764978524921161	0.04759785834910922	0.04762742578589272	0.04757884488215928	0.04763717944921241	0.04761283816892789	0.047611978519089417	0.04750012407353505	0.04754668642436438	0.04761107736912312
AT_CA	483	Xiaomi	AT_I2	0.047669056832278574	0.04770989261614643	0.04762928554243366	0.047637602138806294	0.0477161255029179	0.047622314615340125	0.04769714315117303	0.0476583395916737	0.047700051569801054	0.04760550733806912	0.04757569060382369	0.04763722157552894	0.047598557079056296	0.04760136450442025	0.047520855703621315	0.04757240290964547	0.047620534542698864	0.047618536927560864	0.04750011259019947	0.047546040318649306	0.047563364346155546
AT_CA	484	Xiaomi	AT_CA	0.04768196074265723	0.04773509247630025	0.04760668774554897	0.04764455734395885	0.047698117803105324	0.04762331636983319	0.04772219999201488	0.04768049823643952	0.04766763951596402	0.047609679563078086	0.04757568516182909	0.047649488982120396	0.04754570998233103	0.04760746128472576	0.047546826573499394	0.0475974933414349	0.04761069650197506	0.04761946483034935	0.04750010715684995	0.047519164661086064	0.0475581517348987
AT_CA	485	Xiaomi	AT_CA	0.04768196643612045	0.04773509817610766	0.04761096738710283	0.04763797423455336	0.047698209464642746	0.04761772722597811	0.04768946935518195	0.04767368379950267	0.04766056890432258	0.04762987170660932	0.04756909506956406	0.04764374259206516	0.04757172812746714	0.04761446233310816	0.047540875839132336	0.04759060412781394	0.047636464415770075	0.047606303090548106	0.047500112828598944	0.04753368983210775	0.047557385053702765
AT_CA	486	Xiaomi	AT_CA	0.04768196026106437	0.047722284291898585	0.04766767888221701	0.04763975647827633	0.04765838682039558	0.047592046819772554	0.04771444254052558	0.04767981936464329	0.04764872720496461	0.047681731045488944	0.047562156610779706	0.04761894866570831	0.04753532476040375	0.04763268010070928	0.04758122726029241	0.047577583267216894	0.04762348992559442	0.04763751258254989	0.047500106677093826	0.04751916418113746	0.047524972259267106
AT_CA	487	Xiaomi	AT_CH	0.04752660846376472	0.04770576893470425	0.047713427725369635	0.047686943208533804	0.047684231082223624	0.047706304806166715	0.0477120260056175	0.04767241945427287	0.04767680194596762	0.0476350896525524	0.04760451572017136	0.04763051291181778	0.04755346759802567	0.04755371779682743	0.047559361520083575	0.047586051902047746	0.04758519316170963	0.047608614468265996	0.047515222725855955	0.047571439432799345	0.04751228148322229
AT_CH	384	Xiaomi	AT_I2	0.04752030382583694	0.047666716839066155	0.04767972468909734	0.04769511428137054	0.04771718245384433	0.047702343321837405	0.047651156962637026	0.047668634620629445	0.047688900221597635	0.0476002217055133	0.04764259693677075	0.047567156578174556	0.04760538165446191	0.04760043637309113	0.04755189755607449	0.047605173420515186	0.04755174040742219	0.04759507734682099	0.0475001100574438	0.04762483613204231	0.0475652946157527
AT_CH	385	Xiaomi	AT_I2	0.04752028748511324	0.04769100866374168	0.04770554329269396	0.047709051863144475	0.04772811752399392	0.04771920311187586	0.04769092866008617	0.04766664382121724	0.04771391612124794	0.0475977365389278	0.047629490959364196	0.04756735981707354	0.04758462251366667	0.04757762292634862	0.047538634842970155	0.04758662986854553	0.04755840639695628	0.04759940930058979	0.047500093723664094	0.047588717619782867	0.047526574948996085
AT_CH	386	Xiaomi	AT_M	0.04751394829716911	0.04769680344648608	0.04770554890854253	0.047703930255266945	0.04771615873096935	0.04772657142602063	0.04767785279660908	0.047658577717479625	0.04768127581263338	0.04761753734185661	0.04762057561027549	0.04758804120826443	0.04756646545882227	0.047582742176352784	0.047551946080152695	0.047580077334033986	0.04755644433669827	0.047627335397912335	0.04750009931532735	0.047596159653505055	0.04753190869562181
AT_CH	387	Xiaomi	AT_CH	0.04752649955767179	0.04763546365480333	0.047738584223743295	0.047703082966796095	0.04770606777832826	0.047701586334179084	0.04760472965017532	0.04762964688828863	0.047707953826314604	0.04759259102292712	0.04763713940598676	0.047588034879588	0.04762545155871182	0.04759203928549457	0.04754943742447632	0.04759867387939583	0.047569307841282486	0.0476067219232359	0.04750010919032229	0.047605848525207335	0.04758103018307095
AT_CH	388	Xiaomi	AT_CH	0.04752661330108004	0.04763626251777141	0.04773858075717524	0.047673446513751994	0.04770270996081516	0.04772023438387943	0.04765004715831564	0.04764257156757094	0.047683871534413697	0.04756476134612924	0.047660400118536596	0.04759725741806759	0.04760436762450226	0.04755866248343928	0.04753119582556118	0.047599344649233155	0.04760481294381853	0.047600251815703785	0.04751702026538673	0.04765594331961224	0.047531644495235906
AT_CH	389	Xiaomi	AT_CH	0.047513959388620755	0.04760308124719315	0.04773141263730312	0.04767874284316274	0.04770444342133556	0.04769723590839976	0.04761774679433522	0.04763221001377729	0.04767214555670779	0.04755889261937836	0.04766909818655334	0.0475661868711539	0.047679669259744324	0.04756731699223345	0.047537658042617566	0.047593160414348856	0.04758677865049433	0.047549374972165055	0.0476531174174927	0.047625415451300876	0.04756235331168153
AT_CH	390	Xiaomi	AT_CH	0.0476623886293646	0.04766740060244314	0.04770870007320074	0.04767610592823826	0.04770295471597122	0.04766550595504336	0.047678406461315444	0.047657827413631365	0.047657209527878684	0.047579125057635153	0.04760864458283965	0.04759257650957649	0.04759560554291118	0.04755196240926423	0.047530943545972835	0.04755300538174995	0.04761748842540949	0.04755239868524646	0.04764656123350156	0.047562405467740716	0.04753278385106569
AT_CH	391	Xiaomi	AT_CH	0.04764984904158595	0.047686190508335	0.04772668522563618	0.04766974342108208	0.047710270703230744	0.047674360913693994	0.04767010033500795	0.0476545770490225	0.0476955745570983	0.04756922451893425	0.04764011356045386	0.047567362468162656	0.04762543697770886	0.0475698042942162	0.047504979805791624	0.04755319691071738	0.04760979713873585	0.04757070403139587	0.04750010411190017	0.04761430526777946	0.047537619159511026
AT_CH	392	Xiaomi	AT_CH	0.04751394419282972	0.04767068445311407	0.047738570175427805	0.047695796461841904	0.0477096226535132	0.047690820867004255	0.04771638245144358	0.0476745644608307	0.04767750670234435	0.047593686033042544	0.047652411661243246	0.047566820031230056	0.04761160849855887	0.04756970430842172	0.047539662491612907	0.047580724588592735	0.04753170064631741	0.04761416365385584	0.047500095212184255	0.04761876686352095	0.04753276359306976
AT_CH	393	Xiaomi	AT_CH	0.04752029118790862	0.04767835893799092	0.04773857239923842	0.04769505760657122	0.04769517183946267	0.04768863968599662	0.047716384674220624	0.047689204001710644	0.04767750892331044	0.047587815563734655	0.0476508046856651	0.04756729264358163	0.04761221536508658	0.047574989143383435	0.047544497386407106	0.047574545315741075	0.04754419606340022	0.04759941490671801	0.04750009742488597	0.04760660804404507	0.047538334200941036
AT_CH	394	Xiaomi	AT_CH	0.04760231260148957	0.04766594617058575	0.04772669425920302	0.04770313017458448	0.047684204550923086	0.047690702951980246	0.0476791530139855	0.047664810890598416	0.04763870538406051	0.04758416351983943	0.04760466752999509	0.04756712247028287	0.04758451066444081	0.047534381379458056	0.04753872486507971	0.04757569928185529	0.047584349344423134	0.04757516528836902	0.04765312012522106	0.04762152635656749	0.04752090917705733
AT_CH	395	Xiaomi	AT_CH	0.047669048336585904	0.0476470643874123	0.047726685238413113	0.0476817264811646	0.047703840517578464	0.04768701102791485	0.04770117260828184	0.047681934701863576	0.0476821713983847	0.047580196114846804	0.047570243467095596	0.04757490701174331	0.047592426354622436	0.04757577747468377	0.047531813025820394	0.04753495158389593	0.04759783191114591	0.04762510174593492	0.04750010412461644	0.04759146289567249	0.04754452959232264
AT_CH	396	Xiaomi	AT_CH	0.047655824155293715	0.047645928587349284	0.047720266312722324	0.04768799632310854	0.04769321752160834	0.04767062372383537	0.047662526534991596	0.047675422622771746	0.047650781127640485	0.047567580367147436	0.04759827040842064	0.04758798687344112	0.04763412948390582	0.0475815685476611	0.047568755591690146	0.04755585688707041	0.047571857992933106	0.04763245168145746	0.04750011578330942	0.04759148817019988	0.047547351303442065
AT_CH	400	Xiaomi	AT_I1	0.04752017257886748	0.04762420997836259	0.047678946632179475	0.047689193735304954	0.04765108285263682	0.04766831631128899	0.04761463464474387	0.04766514632282498	0.04760769492766129	0.047546741523590154	0.04764067150418229	0.04759653994031427	0.047631794980866185	0.047571027725769155	0.047600576310651524	0.04762896543486835	0.04755233592954725	0.047592700325589425	0.047661742079154565	0.04765641774976792	0.04760108851182861
AT_CH	401	Xiaomi	AT_CH	0.047506460607426776	0.04761852913323365	0.04771959373931539	0.04769940268964578	0.047673282545506394	0.047687808168845776	0.047619821817872034	0.0476775525468502	0.04764415740627647	0.047577999248598964	0.04761194823422575	0.04759469822702397	0.04761076449807101	0.04757030400391332	0.04757217582402389	0.04761871457165081	0.047531176074066324	0.04761507219428868	0.04767485142921187	0.047614718359695704	0.047560968680257304
AT_CH	402	Xiaomi	AT_CH	0.047520295406838525	0.047601930593793196	0.047726178985624784	0.04770880660228133	0.04768584736002343	0.047721854820643686	0.0476539426619662	0.04767103201667103	0.0476951895658918	0.04755548981578171	0.047668738733969644	0.04755503363377297	0.04764268268319833	0.047577985157146827	0.04755704524821651	0.04761475230385348	0.047538302333377275	0.047611949765185825	0.04751701616487887	0.047634711636886706	0.04754121450999795
AT_CH	403	Xiaomi	AT_CH	0.04752661942632752	0.04761013101018398	0.04771876746294432	0.04770913469044993	0.04770115386640057	0.04769668228515184	0.047606974275741926	0.04765850415594994	0.047665904933326446	0.047575769055397815	0.047669121756577885	0.04755332914601038	0.04764922532286167	0.04757749749946542	0.047543838196427955	0.04758313795997408	0.04755054218716215	0.04757141808166021	0.04764655762906823	0.04763231817236551	0.04755337288655237
AT_CH	404	Xiaomi	AT_CH	0.04751395199599515	0.04767381478624011	0.04773857801548333	0.047690416544211564	0.04771953067468115	0.04767128756100426	0.047658368547390334	0.047661799990021195	0.04765919955068417	0.047573985330603974	0.04766291822761771	0.04754982836146215	0.04763308224804749	0.0475585161160964	0.04754385270494324	0.04758284451795013	0.04753835726112806	0.04754665301811092	0.047670165878811115	0.04761361863690751	0.04753923003260998
AT_CH	405	Xiaomi	AT_CH	0.0475202916087473	0.04765676477097657	0.047733242438150005	0.04770978164352286	0.04770705664686464	0.04772558570890263	0.04766143313570421	0.047666907050144466	0.04765233663471693	0.047557345520807044	0.04765546238510688	0.04755521374002708	0.047620086472919876	0.04752506499939909	0.04755680795856979	0.047577057902275344	0.047538298533846834	0.04755651689712497	0.04766827534776098	0.04762989153125681	0.04752657907317575
AT_CH	406	Xiaomi	AT_I2	0.04765582717005677	0.047643767600710415	0.04766069204162075	0.04766478068845259	0.04770610818931369	0.047691927292773106	0.0476163941394978	0.047619395603432625	0.04765214107789132	0.047554372849738374	0.047619929048652865	0.04757572522805489	0.04765068213808464	0.04753932850141749	0.04752327855578668	0.047531102570944006	0.04759783098436811	0.047577186025287266	0.0476682963645864	0.047676172675571366	0.047575061253758884
AT_CH	407	Xiaomi	AT_CH	0.04752662101951033	0.047625822196452186	0.04773141570381367	0.04769199649275866	0.0476968384862682	0.04769312871295172	0.047613240954465896	0.04763954584223255	0.047653279205619625	0.04755864966021171	0.04763684716492268	0.047577641345460865	0.0476425669941852	0.04754785251978347	0.04755685928249984	0.04756484300942763	0.047568428454893626	0.0475839487390166	0.04768535232182124	0.047647870422232265	0.04755725147147213
AT_CH	408	Xiaomi	AT_CH	0.04752029141116584	0.04768053351027264	0.04773857262352116	0.047701733018169296	0.047703644329603896	0.04771574920251314	0.04765829072105298	0.047645296059889146	0.04765214236410448	0.04755194630375247	0.04767842786460358	0.04756189751233646	0.047605614963390136	0.04753516084579162	0.04754347798278389	0.047592647621839845	0.04756340914581752	0.047524216417486	0.04765965871610641	0.04764143206548599	0.04752585732031362
AT_CH	409	Xiaomi	AT_CH	0.04752029681046432	0.04764831421482428	0.047738578047620946	0.04769661200051111	0.04770883756422195	0.04769541610314487	0.04764735312646269	0.047659403527723514	0.047697069475784976	0.04758126758754789	0.04766853239265368	0.047559762698080675	0.04765705743292962	0.047586908096341377	0.0475504658485469	0.04758646256566845	0.04754489524114933	0.04758359880712913	0.0475170175684078	0.04760524738549076	0.04754690350529592
AT_CH	410	Xiaomi	AT_CH	0.04752030162861811	0.047634907694477674	0.047731159168394405	0.04769003792551433	0.047710605232469463	0.04767591710582699	0.04762883825044408	0.047629222177818696	0.04770997331349431	0.04758808976590739	0.04767444613694203	0.0475600782564736	0.04764324495792284	0.04761738863718945	0.047578383983463	0.047598672547474144	0.04753830855751448	0.04759509864630502	0.04750010786115867	0.04760737402859199	0.047567844123999434
AT_I1	331	Xiaomi	AT_M	0.04752029336136664	0.04762181745786406	0.04769848602497815	0.047702073930727784	0.04768133698602886	0.04773622247730209	0.047643661952045877	0.04767764620777162	0.047702443302926265	0.04755664872624334	0.04768653960523258	0.04753628811617655	0.04762543363231591	0.04759376151969781	0.04757626158094503	0.04765088627854974	0.04751727273427867	0.04759034644589232	0.047515221416405705	0.04762587509471543	0.047541483148535596
AT_I1	332	Xiaomi	AT_S	0.04752031052490627	0.04764070484662907	0.047641159339625865	0.04768642980610188	0.047688446956113545	0.04769130778763824	0.04764407891726695	0.047677273604740444	0.04769449458907572	0.04756852910219737	0.04765542388732665	0.047579486077605065	0.04762450164206159	0.04758481406295641	0.04758912567929879	0.04766683542319814	0.04754491928348748	0.04761196491241241	0.04751523857811342	0.04760843803377847	0.047566516945466215
AT_I1	333	Xiaomi	AT_CH	0.04751395553760914	0.047634256432274945	0.04769849301026781	0.04769333033378286	0.04769756121777573	0.04769102487515536	0.04763330855769613	0.047655693070580624	0.04768930677404346	0.04756530378008167	0.0476784589243098	0.047554243293365155	0.04763006129352006	0.04759970243789955	0.047556870005730785	0.047641302215317455	0.04752484094234841	0.047618970627223936	0.047515228374856854	0.04766704834132237	0.04754103995483777
AT_I1	334	Xiaomi	AT_M	0.04752660868990527	0.047641527211086436	0.047693161658408416	0.047699827467935545	0.04770219542143362	0.04772438558980017	0.047670844778842945	0.04769457296376742	0.0477086411702179	0.047567460695471	0.047660438394309966	0.04755420026727295	0.04760311841121239	0.047603109441439924	0.04756356960176571	0.04760807536095796	0.04753651068316043	0.04760420547495887	0.047505099381306606	0.04759760103908837	0.047534846297658195
AT_I1	335	Xiaomi	AT_O2	0.04751220326556353	0.047598910371351534	0.04755172124614895	0.047657805630438484	0.047610837026548815	0.047624607390885004	0.04762233236219688	0.04768541702686023	0.047655917925971035	0.04765751802862522	0.047641855033258844	0.04766486543560371	0.04763854708583584	0.0476764978521272	0.0476453429954031	0.04766884070211158	0.04758704857695425	0.04764484374762911	0.04750012158259973	0.04756471107439581	0.04759005563949113
AT_I1	339	Xiaomi	AT_O2	0.0475139563099174	0.047613309792389695	0.0476550453320273	0.047697594509894074	0.04766339501367124	0.047710439796997184	0.04768154522293339	0.04771359586081104	0.04770763521595284	0.04759901912229725	0.04765228324669596	0.047554842593294296	0.047581226851393196	0.04761441394672751	0.04759765382798211	0.047631561998758995	0.04753006674574466	0.04762430608716019	0.04750010732574014	0.04759252975671291	0.047565471442898494
AT_I1	340	Xiaomi	AT_O2	0.04752029959979201	0.04766409005821755	0.04764727326692175	0.047692122143660275	0.04766329253660634	0.04765775695735159	0.04770948376946877	0.04771870561047536	0.047673989712847205	0.047622001600697496	0.04761581031506775	0.04758835634299781	0.04754012718035352	0.04765153069296617	0.047585161292034175	0.04765773876174543	0.04755067052070483	0.04765655688461112	0.04750010583319473	0.047526005331930216	0.04755892158835599
AT_I1	341	Xiaomi	AT_M	0.04752029904102508	0.04764816402096194	0.0476746785418439	0.04771123256463822	0.047663571291033435	0.04771833827147342	0.047689747222320486	0.04770631315259851	0.04766967218688738	0.047587542980260814	0.04762390313884626	0.047593165754497416	0.04755985552829843	0.047613004688356435	0.04761030863394981	0.0476265040337354	0.047525046970786654	0.04765053255885703	0.04751522709545793	0.04757203392450578	0.04752085839966594
AT_I1	342	Xiaomi	AT_M	0.04752029355392084	0.04769811284068315	0.04768007347515797	0.047703862474909764	0.04768270332031456	0.04771867637249572	0.0477113647990182	0.04770078304378636	0.04768288805575965	0.047602768438837595	0.047631170740908245	0.047581628676109	0.04755978765702954	0.047561595403007265	0.0475642421784398	0.04758022929251574	0.047537994350475746	0.04763346474372003	0.047515221608939354	0.04759539904118781	0.0475377399327835
AT_I1	343	Xiaomi	AT_M	0.04751394998397247	0.047648097771459244	0.04768826985094696	0.04772889497510494	0.047695853738823	0.04772893703281361	0.04766432877683831	0.047696022521062566	0.04770244471312671	0.04758009137641414	0.04763508193793046	0.04756641518998721	0.0475852839546074	0.04759139313066772	0.04757139839269701	0.04760873504708981	0.04753711238058969	0.04761132045684714	0.04751522282107141	0.04759612033355383	0.0475350256143965
AT_I1	344	Xiaomi	AT_I1	0.04752661545623217	0.04762200812333202	0.04770381386069921	0.047715412327410237	0.047688225006092884	0.047712854670294055	0.04765577011679738	0.04767866547890773	0.04769550338319348	0.04757936617899453	0.04763758989324182	0.047568466356346956	0.04763672837856943	0.047591017811742554	0.047550614102875956	0.047589360535123526	0.04753651745089708	0.04763210206494724	0.047517022420103854	0.047603876861605846	0.04755846952259196
AT_I1	345	Xiaomi	AT_M	0.047520295841347156	0.047654268336711346	0.04770309930103568	0.04769889483043412	0.04769504125133743	0.04772984818742388	0.04767388010156525	0.04768947633257036	0.04768198146484257	0.047569394514723175	0.047622131290558894	0.04756391039274569	0.04759208307519606	0.04758079565499545	0.04755128201543029	0.04759628240718122	0.04753116046789908	0.047638223299300314	0.047515223896121526	0.04765258213770164	0.04754014520087881
AT_I2	441	Xiaomi	AT_O1	0.047513943082403864	0.04769710144672441	0.047685103642769004	0.04771211451516695	0.047695396938229793	0.04768247294381282	0.047723344256961446	0.04769552238347893	0.047707618921276805	0.0476428090136699	0.047601502215979405	0.047573681178478266	0.047554457452610895	0.04759725572395888	0.04757082640380963	0.04758696106289165	0.04754263564278163	0.0476413731282726	0.04750009410208206	0.047549210617016086	0.04752657532762501
AT_I2	442	Xiaomi	AT_I2	0.04768195710197948	0.047692000261898924	0.047693667475616514	0.04766931503259483	0.0477210221645484	0.04764400376059497	0.04771661991847759	0.047679875847983964	0.047688298441205826	0.04759171056003504	0.0475828446802119	0.04758036295670722	0.04757757888166263	0.04760752852001777	0.04756467196949226	0.04754079999827262	0.047617065848607636	0.047576050594109326	0.047500103530057326	0.04754865925041327	0.04752586320551249
AT_I2	443	Xiaomi	AT_CA	0.047602311270876926	0.04771099580522091	0.047654752907420474	0.04769631347083269	0.04771042103407902	0.04761666095298988	0.047689197921593006	0.04768003861330211	0.047701895195256305	0.047618767513584764	0.04757557707234942	0.04758749457992739	0.047567290503775776	0.047614665287326954	0.047564271769073255	0.047569554160572375	0.047616157919695985	0.047615659146682074	0.04750011177482451	0.04756962487923639	0.04753823822137969
AT_I2	444	Xiaomi	AT_CA	0.04765581415996751	0.047716324907926225	0.04765395049345303	0.0476517620272992	0.04769140753182773	0.0476244325498521	0.04770927636818172	0.04766680506743825	0.04768082289128992	0.0476319569575606	0.04754742207359243	0.047599523377440674	0.047549184226746324	0.04764712152988365	0.04755272385398343	0.04755500452175328	0.047658020677994586	0.04765222097101566	0.047500105820641465	0.047536440751638966	0.047519679240513424
AT_I2	445	Xiaomi	AT_I2	0.047520303757275374	0.04768355478088806	0.04767230906215906	0.0476899014562177	0.04771527616533894	0.04764413271147324	0.04768411596671917	0.04765970496735717	0.047707817213361176	0.04762440194231568	0.047614336714894304	0.04759301023742321	0.04757149375996058	0.04765714031842924	0.04756732504077722	0.04761311102497202	0.047558311319054185	0.047601378657015095	0.047500109988911375	0.04756962309070969	0.04755264182474749
AT_I2	446	Xiaomi	AT_I2	0.047526619773568514	0.0476718356561563	0.047679726849742685	0.04769520248910384	0.04771492395127463	0.0476562263665249	0.047664998657042885	0.04766148820772638	0.04770890241997118	0.04759216591756138	0.047636250251397234	0.047582100805152426	0.04757218968622469	0.04763562870676375	0.04757102058567953	0.0476199640849035	0.04757581506800633	0.04759533973719926	0.04750011220994976	0.047593756127299804	0.04754573244875098
AT_I2	447	Xiaomi	AT_I2	0.04764985285220284	0.047703993841942786	0.04766227491152067	0.04768873925221902	0.047709582101516664	0.04763720675451652	0.0476825437456495	0.047692885731880484	0.04769450644678308	0.04762473551583734	0.047558011531735	0.047599266371395894	0.04756521500666415	0.04762356761884714	0.0475395224801646	0.047585325452258465	0.047610479610148984	0.047600225146673766	0.04750010791054178	0.047524965372319955	0.04754699234518129
AT_I2	448	Xiaomi	AT_I2	0.047655811130806226	0.04769769455713804	0.04770676405087762	0.04766531636181225	0.04772169219095683	0.047666600211352994	0.04768922652466329	0.04767678646501212	0.04771395104173143	0.04757970695808373	0.04759040271770708	0.04756114400033954	0.04759085472718298	0.04759928602632351	0.04752558521253773	0.04756191194473496	0.04759792472479668	0.04759997327585008	0.04750010280137753	0.04757268104494492	0.04752658403177033
AT_I2	449	Xiaomi	AT_I2	0.04766905304851019	0.04768771529970283	0.04769367278695634	0.047665700348678085	0.047715607260965326	0.04769059822412261	0.047672376081031476	0.04767582630381879	0.04769476692657045	0.04756408113705356	0.04758727928929038	0.04759286049542819	0.04757762047067561	0.04758406656031704	0.047544774870776005	0.04754009272302148	0.047597836616030696	0.047601350816802064	0.047515230641762475	0.047595408089252965	0.04753408200923355
AT_I2	450	Xiaomi	AT_I2	0.04768196625088363	0.04767805553503346	0.047686607001889966	0.04765198510918409	0.04771694176025804	0.047635538976322646	0.0476974510733849	0.04766311015728948	0.047675697959976684	0.04759425907840057	0.04756887058796252	0.047579930073587524	0.04761114135884149	0.0476205944379237	0.04754539942545296	0.047555342679914216	0.047615484403133804	0.04760522651527998	0.0475001126440686	0.047590004642347764	0.04752628032886404
AT_I2	451	Xiaomi	AT_I2	0.04766904952123245	0.04768578334814355	0.047691828365314166	0.04766348867492457	0.04771185786448554	0.0476493955302645	0.047702270633228204	0.047689052510464625	0.04768962942004668	0.04756369220595726	0.04761314855254433	0.04754210872565908	0.047645611036366775	0.047570382497704455	0.04753144494834683	0.0475416467720153	0.047597833094022636	0.047575574649276385	0.047500105305064474	0.047610972843053205	0.04755512350188488
AT_I2	452	Xiaomi	AT_I2	0.04768196149471257	0.047697881613831046	0.04769183097678494	0.04765106698433695	0.04769959541043946	0.047655496686435456	0.04769502902168135	0.04766856929886745	0.04768186431582064	0.04757056944634959	0.04762617291965742	0.047555600992559205	0.04765215817179264	0.047571101904754866	0.047524020402242725	0.04753994120530827	0.04759137868621866	0.04759187352402512	0.04750010790603704	0.047598652932274464	0.04755512610587009
AT_I2	453	Xiaomi	AT_I2	0.047513969329395424	0.047667628777803804	0.047648429940413725	0.047697282334566916	0.04771069153888894	0.047674792618010976	0.04764102489698961	0.047676362854580025	0.047677276642103666	0.04761066450784187	0.04762424524225674	0.047579811031625306	0.047560194731209475	0.047611243717965566	0.04755785039465957	0.047600893951943356	0.04757016228605301	0.04758361057409703	0.04764656613372894	0.047576692228733675	0.04757060626713209
AT_I2	454	Xiaomi	AT_I2	0.04768196622436307	0.04767254321663574	0.04771927190129609	0.047656755767177594	0.047723222070215954	0.04763153051706985	0.04767890333719787	0.04766541401454032	0.04764532898730964	0.04756237958213689	0.04760799672862537	0.04755463916419878	0.047611141332360316	0.04756353064239821	0.04753145226575624	0.047555708937007744	0.0476044228558047	0.04754272944220258	0.0476465583861419	0.04761172361705552	0.047532781010505364
AT_I2	455	Xiaomi	AT_CH	0.04768195671483194	0.047684539846373365	0.04771926238432484	0.047651089266952794	0.04771039868126366	0.047668012866893254	0.0477025454745935	0.0476503392462116	0.04768267069793834	0.0475528412647874	0.04764432053685102	0.047578547415467215	0.04762355429886747	0.047570729732204234	0.047539721428721274	0.047535130213876314	0.04759783092889906	0.04755795830201906	0.04750010314438633	0.04762186317956701	0.04752658437497035
AT_I2	456	Xiaomi	AT_I2	0.04766905066319438	0.04770451967339882	0.04768589353432075	0.047646116222384384	0.047727803649803356	0.0476558941276242	0.047683557449717626	0.04765836183479895	0.04769049964794061	0.04760008040720856	0.04755808910983808	0.047620525631405584	0.04758508831288708	0.04759883946745479	0.04755135971584669	0.04754593770410855	0.04765322196655854	0.04759435190585574	0.04750010644297917	0.04754483641266013	0.047525866120014026
AT_I2	457	Xiaomi	AT_CA	0.04766904707365664	0.047722887543916834	0.04766146111511871	0.04764141841437037	0.04769936192984798	0.04761064892374751	0.0477154240467791	0.04765280905009056	0.04767087138307956	0.04763846471380569	0.04753720626540981	0.047653409111079605	0.04756716923874564	0.04760745698434164	0.04754401584891639	0.04754757828313809	0.047678476352600155	0.04762630768542882	0.04750010286616313	0.047512506750855436	0.047543376418908365
AT_I2	462	Xiaomi	AT_O1	0.047655817710973866	0.04770585223453355	0.0476630659994217	0.04767052640513114	0.047686353189141266	0.04770394917156827	0.047711288226130646	0.04765981753802076	0.04765073129833372	0.0476211818250511	0.04757181895980231	0.047625667726207306	0.04754035755864513	0.04754821647625607	0.047527259846582216	0.0475648517239928	0.047629727746863165	0.0476211063593888	0.04753215109253991	0.04758479780432961	0.047525461107086546
AT_I2	463	Xiaomi	AT_I2	0.047681966438997046	0.047674743098657664	0.04768757430696429	0.04767138264823445	0.04772177266550075	0.04767158671032281	0.04766583750971176	0.04767030952888135	0.047669979423568876	0.0475623975585901	0.04758109616544493	0.04757320468019467	0.047584501601703924	0.04756603621457718	0.04753214180166007	0.047535646817347184	0.04761100926026538	0.04757470072933641	0.047646558600616486	0.04758477301495677	0.0475327812244678
AT_I2	464	Xiaomi	AT_CA	0.047675348199645216	0.04772305244918263	0.04764796199907179	0.04764600965231513	0.04771071429127467	0.04762971998412121	0.047722643083896614	0.04767507947194257	0.04768170418277243	0.04763051798978776	0.047529540408556094	0.047605288074023616	0.04755853409129763	0.047595606739982026	0.04752572228124074	0.04754452337953453	0.04763866163737548	0.047666393706453605	0.047517015872675	0.047542929385047096	0.04753303311980421
AT_I2	465	Xiaomi	AT_O1	0.04768195460383882	0.047703678018435884	0.04769365731907517	0.047670534842143876	0.0477217608204622	0.04764338717279008	0.04772338922236804	0.04770051262750074	0.04768088722697252	0.0475683115459988	0.04758770841385008	0.04756009077580776	0.047578018797447434	0.04758282766452571	0.047558714540134085	0.04756877631203546	0.047597576007562606	0.04757971118198439	0.04750010104144428	0.047577504754981396	0.04752089711064072
AT_I2	466	Xiaomi	AT_O1	0.04760230616776667	0.04770863209399305	0.04765489943635413	0.04769806208654743	0.04769756664679291	0.04761758218187012	0.04771317073204202	0.0476856937729812	0.04768881622977877	0.0476230304530951	0.04758712155382999	0.047598109422524924	0.047541508584767446	0.04763989020721727	0.047566666306147365	0.04759914898707899	0.04759674248018203	0.04763317595587177	0.047500106682670344	0.0475268672641519	0.04752090275433657
AT_I2	467	Xiaomi	AT_CA	0.04752661091987078	0.047715984393260996	0.04770555297190463	0.04769065340442825	0.04769696929916341	0.04764442574853941	0.047715345639747185	0.047677853187893145	0.047674348685531664	0.04761945088892281	0.04759881677643077	0.04761246172523847	0.04754748804014189	0.04760964586722019	0.0475799648403805	0.04760847989399987	0.0475753480715847	0.047625524248687434	0.047500103361190094	0.047560979589991004	0.047513992445872615
AT_I2	468	Xiaomi	AT_O1	0.047649863216383516	0.047697429192522185	0.04768066203921314	0.04763658372575576	0.04768334787445306	0.04762846384291173	0.047711814329347686	0.047681498576469375	0.04765490332334246	0.04760988682811951	0.047584287583733995	0.04760661535793094	0.04755417014892636	0.04759796448886014	0.04756796368490077	0.0475788803905788	0.0475909350622558	0.047647665002325514	0.0475152400670728	0.04759522578374352	0.04752659948115287
AT_M	346	Xiaomi	AT_M	0.0475202939333491	0.04766156586047068	0.04771865033621212	0.04769847717515527	0.04770364508063192	0.04772984627101204	0.04767196740449996	0.04768219835129752	0.04768197955035264	0.04756352291627571	0.04763499833622034	0.0475684586193669	0.04759841794957464	0.047565285725684116	0.04755091069625444	0.04760085266172059	0.0475311585594648	0.04762434726167861	0.04751522198832711	0.04763805803036758	0.047540143292083774
