label	time	source	prediction	AH	AT_CA	AT_CH	AT_I1	AT_I2	AT_M	AT_O1	AT_O2	AT_S	CN	DC	DF	DG	ES	GL	HA	SA	SN	SS	TMA	TS
AH	92	Pixel	TS	0.04771709807519575	0.04759232586131923	0.04756382883506186	0.04761847321120135	0.047623942348234215	0.04759800476823893	0.04760987930592829	0.04761976949787078	0.047673002841514954	0.047620068247590235	0.04757263253748232	0.04763971065796039	0.0476490788302693	0.04762415123561078	0.047598256240643066	0.047591046406916006	0.04767973005464654	0.047631856821461184	0.047500121285654714	0.04755299561951204	0.04772402731768819
AH	93	Pixel	AH	0.04771709849620582	0.04759232628122843	0.04755862219286492	0.047618473631341245	0.0476231725493887	0.04760383289060352	0.047603030943309886	0.04761976991802211	0.047667342788111744	0.04762514502898603	0.047565238624888054	0.04765830719865687	0.047628822816707786	0.04764438432158425	0.04761140922976538	0.047585220689689615	0.047685963547528555	0.0476318491289836	0.04750012170475038	0.04755299603907422	0.04770687197830884
AH	94	Pixel	AH	0.04771710046597784	0.04759826572223729	0.047558624156095	0.047618475597042006	0.04762292951464096	0.04761125949138892	0.04759657546296965	0.04761493315466254	0.047655337840740546	0.04761958727232823	0.047571313716688955	0.04765830916600197	0.04762695734193753	0.04764438628835461	0.0476239523962829	0.04758522265401769	0.04769081146358631	0.0476318510952365	0.04750012366556555	0.0475589068127096	0.04769507672153545
AH	95	Pixel	AH	0.04771710122592183	0.04759826648028872	0.047552216919350326	0.047618476355415294	0.04762293027308518	0.04761126024964728	0.047596576220994155	0.04762622402472942	0.047649202054332596	0.047619588030719216	0.04757791055508487	0.047651854196138786	0.047639838878691575	0.04764438704714055	0.047623953154743416	0.04758522341186139	0.047672887141239226	0.04763185185382281	0.047500124422053966	0.047558907570134194	0.04770121993460512
AH	96	Pixel	AH	0.04771710144302723	0.04759826669685344	0.04755221713570553	0.047618476572071966	0.04762293048976212	0.04761126046627112	0.04759657643755119	0.04762622424142134	0.04764920227112907	0.04761958824738095	0.04757791077155697	0.04765185441294732	0.047639839095445446	0.047644387263915115	0.047623953371425005	0.04758522362836677	0.047666655995141485	0.047638078883697504	0.04750012463817216	0.04755890778651984	0.04770122015163826
AH	97	Pixel	TS	0.04768497132351272	0.04759826888334166	0.04755221932007841	0.0476311040049485	0.0476229326773833	0.04761254226034186	0.047596578623961765	0.04762607117954284	0.04765580755088567	0.0476195904348486	0.04757131687600338	0.04765831233109395	0.04763984128384335	0.047644389452521946	0.04762395555909318	0.04759760783158816	0.047666150200788286	0.04763808107201454	0.047500126820152096	0.047558909971200054	0.04770122234285579
AH	98	Pixel	TS	0.047690939394815536	0.047598269154505324	0.04755221959097972	0.04762514396411396	0.04762293294868747	0.047618372013884164	0.047596578895115794	0.047632523686767514	0.047655807822377126	0.047619590706133724	0.04757791322815781	0.04765185687336611	0.047639841555243846	0.04764438972394835	0.04762395583040317	0.04759178116238668	0.047659542158206745	0.047638081343405005	0.04750012709075664	0.047558910242139485	0.04770122261460596
AH	99	Pixel	TS	0.04769370999468632	0.04759236746389033	0.04755995218833535	0.04762402591773322	0.047629201197202174	0.04761126320960985	0.047596579180043834	0.04763896318336881	0.04765580810765972	0.047618235383294856	0.04759121091602672	0.04764410990399157	0.047639841840430866	0.04763787403714727	0.047616553805879605	0.04758522637020527	0.04766665874167208	0.04763808162858149	0.04750012737510729	0.04755891052684203	0.047701299028291164
AH	100	Pixel	TS	0.047704183275747616	0.04759826740500671	0.04755221784317369	0.04761847728052592	0.047629199161443335	0.04761126117461771	0.04759657714567932	0.047632521936009864	0.047655806070763654	0.047613322257385536	0.047585307781816515	0.04765185512189785	0.047639839804217224	0.04763787200101773	0.04761655177066134	0.04758522433632599	0.047666656704312235	0.04763807959244308	0.0475001253448653	0.04755890849408754	0.04770774549800176
AH	101	Pixel	TS	0.04771709821668066	0.047592326002434175	0.04754506911739886	0.047618473352393824	0.047617860747772585	0.047603832611741864	0.04759657321935381	0.0476197696390671	0.04764919904937344	0.04761331832967869	0.04757870675065838	0.04765830691947611	0.04765442628568392	0.04764438404248505	0.04761654784268809	0.047585220410937	0.047673262072271815	0.04763807566269397	0.04750012142649627	0.047558904570869386	0.04771852372984506
AH	102	Pixel	AH	0.04771710207607228	0.04759826732832195	0.047558625760842056	0.047618477203808594	0.047622931121557834	0.047611261097912014	0.047596577068997274	0.04762622487326076	0.04765533944875096	0.04762514860195389	0.047577911402755434	0.04765185504512676	0.04762786010200012	0.04764438789599549	0.04762395400323429	0.047585224259662245	0.04767288799060194	0.047631852702454416	0.047500125268338654	0.04755890841746619	0.04769507833088676
AH	103	Pixel	AH	0.04771709778800755	0.047604615529728514	0.04755862148701869	0.04761847292460672	0.047635313178387456	0.04761125681935861	0.04760312332229095	0.04760561346083382	0.04766734208065193	0.047631447858787146	0.047565237918943626	0.0476657980662619	0.047621394735365814	0.04764438361446517	0.0475861321887634	0.04758521998344862	0.047704839529560804	0.047632831436794254	0.0475001209997724	0.04755299533331149	0.047688141743641076
AH	104	Pixel	AH	0.047712180433846216	0.0475982669743555	0.047558625407170395	0.04761847684969185	0.04762293076740797	0.04761126074384893	0.047596576715043394	0.04761929219609284	0.04765533909436009	0.047630060558202084	0.04757131496809816	0.047665234516612386	0.04762139866069178	0.04764438754168606	0.047623953649076824	0.04758522390579279	0.04767973369781763	0.047638079161431666	0.04750012491510204	0.047558908063792434	0.047688631179879114
AH	105	Pixel	AH	0.04771709966587463	0.047598264924126665	0.04755862335864907	0.04761847479859251	0.04762292871611678	0.04761125869306042	0.04758982085564039	0.0476128535926441	0.047655337041672956	0.047625146196400826	0.04757131291903025	0.04767216143439664	0.047621396609466585	0.04764438548947065	0.047623951597741576	0.047585221856125764	0.04769798256242071	0.0476266071838411	0.04750012286910054	0.04755890601525893	0.04768814362036862
AH	106	Pixel	AH	0.04771710073993552	0.047598265995512715	0.04755862442914283	0.04761847587043346	0.047629012177144915	0.04761125976473894	0.04760303318167596	0.04762138415499069	0.047667345029501866	0.04762514726839194	0.047571836100103786	0.047651853710817	0.047627858768362244	0.047644386561894826	0.04761141146852542	0.04758522292721823	0.04767773127417309	0.04763185136870475	0.047500123938277516	0.047552998275087584	0.047695076995366695
AH	107	Pixel	AH	0.04771710101852843	0.047598266273411814	0.04755221671267357	0.04761847614845055	0.04762293006610108	0.0476112600427139	0.0475965760141246	0.047619772435199936	0.04764920184723431	0.04761958782374964	0.047577910348296434	0.04765830971787177	0.04763983867163399	0.04764438684006319	0.047623952947754865	0.047585223205041174	0.047672886934038	0.04763185164679993	0.047500124215603616	0.047558907363428354	0.047701219727280746
AT_CA	337	Pixel	AT_CA	0.04752661362647492	0.04772283378658197	0.0476464537791201	0.04769044567413814	0.0477028930199201	0.047631935855279715	0.04769713660019701	0.0476915590562737	0.047667851783756585	0.04763561070815843	0.047601066365411865	0.04761255391634115	0.04755887325970512	0.04763501690833105	0.04758562635398782	0.047638327334924034	0.04756421699200937	0.047630941993896676	0.04750010606628466	0.047539084977783294	0.04752085194142424
AT_CA	338	Pixel	AT_CA	0.04766204109459293	0.04771024381360189	0.04760991296079057	0.04765021327608245	0.04768978549348511	0.04761140774189154	0.04766469616748257	0.04765918806952067	0.04767419427756414	0.04763610868883776	0.04756350683085673	0.04764563316426297	0.04757266105611429	0.047620413764655936	0.047555723619587084	0.0475790757292061	0.047650888053024094	0.04763120206902318	0.04750011844239244	0.04752029519760697	0.04759269048942078
AT_CA	339	Pixel	AT_CA	0.04752029784300924	0.047722883182847044	0.04763634811568379	0.04769745123331864	0.04769825027445221	0.047638262486402815	0.04769721347700822	0.04767833878129006	0.04766784978760588	0.047675440210779796	0.04759471305190803	0.04763101520116388	0.047558014687578726	0.047619841511059594	0.047571813763880054	0.04762455199095089	0.0475639281404032	0.04764390683908126	0.04750010407715851	0.04752028082627108	0.04753949451814716
AT_CA	340	Pixel	AT_CA	0.04760852352473063	0.04770921835811443	0.04766828155698944	0.047698476142536805	0.04764361114173197	0.04761761859585715	0.04767892093685534	0.04765254601063568	0.04767360720887745	0.04765045684827921	0.047562797298591156	0.04761938557159493	0.047539643862754014	0.047607470873755525	0.0475632310821834	0.04759738004733401	0.04766443152343078	0.047624767278667386	0.047500116724256594	0.04753369373051917	0.04758582168230485
AT_CA	341	Pixel	AT_CA	0.04750011072033692	0.04772266229371886	0.04755853952240044	0.047646879631277735	0.047651044846309484	0.04761117344270271	0.047670714536608795	0.047666426521224776	0.04766002234158078	0.047689714202663734	0.04761973932559071	0.047677813353413416	0.047560809499521926	0.047620478801229986	0.04758716542896655	0.04764866522395038	0.047585558308428005	0.04768779234039906	0.04750011072033692	0.04756474430708064	0.0475698346322583
AT_CA	342	Pixel	AT_CA	0.04750631071953947	0.047710330018723324	0.04757047833448751	0.047658601646216166	0.04763659808319521	0.047604343227333805	0.04765242552299321	0.04766654975809086	0.04765364315061007	0.0476891042505461	0.047607156903130395	0.04767940219413939	0.04756655895783752	0.04763938683780777	0.047610936427613285	0.047649588377381834	0.047598963966072834	0.0476554219365029	0.04750011675247525	0.04755215733843771	0.04759192559686536
AT_CA	343	Pixel	AT_CA	0.04750010681208672	0.047722885930602275	0.04757014839017123	0.047671776732142346	0.04765104092564061	0.047611169525314405	0.04769141821285257	0.0476920773073841	0.047653574604019915	0.0476836201889496	0.04761413559248422	0.04765342435167227	0.047541148151463826	0.04763237784409584	0.047592752844728116	0.0476486613034773	0.04757233283990484	0.04768180383500149	0.04750010681208672	0.04755857475953618	0.04755686303638551
AT_CA	344	Pixel	AT_CA	0.04750010912607561	0.04771651999404375	0.04755853792617806	0.04765248169788467	0.047632044842708096	0.047605084893046073	0.04766385540295196	0.04767378495906199	0.04765357692548505	0.047689677276690025	0.047606737128480306	0.047685103988210534	0.047548434095879805	0.04763937918904757	0.04763752682957783	0.04765468528556219	0.04757265623657968	0.04768779073983853	0.04750010912607561	0.047558577076373364	0.04756332726024918
AT_CA	345	Pixel	AT_CA	0.04750010461720676	0.04771651546463245	0.04756243553064258	0.04766658509714992	0.04761982419376515	0.04761758600268921	0.04770277307786099	0.0476820038779	0.04764747284631303	0.04770127103544653	0.04760013253289977	0.04766623879295473	0.047534965333204345	0.04764014378121282	0.04763092314751229	0.04764896064876336	0.0475857033552978	0.04768182761821685	0.04750010461720676	0.04754449327566198	0.04754993515346254
AT_CA	346	Pixel	AT_CA	0.047513955335588366	0.04772288546805139	0.04759714591423294	0.04767218648250224	0.047657024082826106	0.04763358043840798	0.04772219918309543	0.04768718051666812	0.04764676620898482	0.04765476451028313	0.04759559065997692	0.04764404942729789	0.0475414164293835	0.04760092198819043	0.047591553471544534	0.04765733767155047	0.04758507719083995	0.047685841292928445	0.047500106351695104	0.04753226644719242	0.04755815092875996
AT_CA	347	Pixel	AT_O1	0.04750011175770202	0.047691704589534915	0.04758388005231243	0.04767098061221562	0.047663232148011575	0.04763010098122421	0.04770286510969296	0.04769321799985341	0.047673316241107926	0.04764369262950795	0.04762860149538223	0.04764568180301578	0.04757821512644608	0.04763188789263566	0.04756675640073603	0.04764269731229794	0.04757941069524471	0.04766572231964856	0.04750011175770202	0.04754423792886984	0.04756357514685826
AT_CH	292	Pixel	AT_O2	0.04751396000428605	0.047632978562799584	0.04768078516577127	0.04769691317842399	0.04768068660536888	0.047683386992438334	0.04764962242029762	0.047705331055292746	0.047687860615382466	0.047623446857737936	0.0476296917328133	0.04759339988293305	0.04759893053860586	0.04764597351270704	0.04757203730807083	0.04762887054807527	0.047538638750344676	0.04762543913503333	0.04750011101903199	0.04757166377248002	0.047540272342105575
AT_CH	293	Pixel	AT_CH	0.04751970086355042	0.04763146795475437	0.04771475463162202	0.04769706165564759	0.047679652647159856	0.04766328435338179	0.047669623240794774	0.04769300683138175	0.04768224625382643	0.047617187994991726	0.04763433801790759	0.047593198775289336	0.047605740402807246	0.04762691490061159	0.04757795172445849	0.047630954856461086	0.04755137403564551	0.047600536818936105	0.04750011222501803	0.04755947480198518	0.047551417013768985
AT_CH	294	Pixel	AT_CH	0.04751396202342816	0.04759429997138504	0.04772086143415446	0.047684548230250604	0.047692218068783376	0.04768725660931888	0.047617371718880634	0.04764967009409695	0.04771541236894657	0.04759838926054339	0.04766013056073457	0.04757414302573988	0.04763743363999553	0.04762496790230356	0.04756953192525896	0.04761409714509962	0.04755840542366983	0.04760750668809736	0.047517027564499305	0.04760254037372402	0.04756022597108934
AT_CH	295	Pixel	AT_M	0.04751969999159827	0.04757394146529556	0.047708466131877146	0.04770956187326226	0.04767271111726396	0.047715120538642485	0.04762895973431811	0.04765971668923194	0.04770236530091574	0.047598388493517337	0.04764235681858794	0.04758017355416324	0.047627536405763435	0.04761169754161416	0.047605048861101784	0.047616689850378376	0.047538592332559	0.04763152908065135	0.04750622991734305	0.04757816202677094	0.04757305227514417
AT_CH	296	Pixel	AT_CH	0.04751396527847566	0.04760704772696941	0.04771344317969638	0.04770219222551558	0.047675170352546765	0.04769356957961701	0.04760829406324644	0.04766113625635705	0.04766399370323628	0.047598459215197564	0.04763117207469367	0.04759947074665222	0.04761909996899406	0.04761184599737297	0.047635921337591196	0.047644704874522645	0.04753118149493377	0.04761929548385852	0.04750623485623816	0.047590744829140774	0.04757305675514388
AT_CH	297	Pixel	AT_S	0.04751395617707717	0.047652310157377434	0.04768050773595262	0.04769846657141628	0.047663341889830395	0.04768922097572068	0.047677101482249885	0.04769307754480418	0.047708048010329504	0.04761677186671826	0.047640233497423044	0.047586580394579914	0.047565188581943106	0.04763931955796537	0.047590389283129225	0.04761704185772305	0.04754493799283548	0.04763768467328212	0.04750010719293864	0.04754688838708119	0.04753882616962258
AT_CH	298	Pixel	AT_CH	0.047519703539891656	0.04762645879201641	0.047707987310189666	0.047704093195024215	0.04766864005268117	0.047674823585187175	0.04764331040473913	0.047674401532142044	0.04770225196013886	0.047610180260437916	0.04763632922254806	0.04757301685486412	0.04758775058608432	0.04761656477882652	0.04756518122535904	0.047624921461866636	0.047564266186759296	0.04763222801373142	0.047500114900256026	0.047596228899471044	0.04757154723778532
AT_CH	299	Pixel	AT_S	0.0475139694680177	0.04762586216442955	0.04767562650840017	0.04768317157502976	0.04768183830946694	0.04767634226990735	0.04762948541175673	0.047640866194870166	0.04770867577741942	0.047604311131072635	0.04765425077990512	0.04759131812387174	0.0475991906777656	0.04760999880011873	0.04757903201772807	0.04763820424049085	0.047572150922934195	0.047626107310177204	0.04750012048000523	0.04759006477407589	0.047599413062556814
AT_CH	300	Pixel	AT_CH	0.047520161044325264	0.04761453413405584	0.0477267580515752	0.04770409458535204	0.04766618838799601	0.047662528835835216	0.047618478211095536	0.04766159740001534	0.047701828174201245	0.047598187327467824	0.047642238038366466	0.04757316161251171	0.04760660274488687	0.047617128432749095	0.04757594970562252	0.04762497477859482	0.04755713528426634	0.047619715000374915	0.04750011628463893	0.047602456168643906	0.04760616579742484
AT_CH	301	Pixel	AT_CH	0.04751395130036076	0.0476410516806768	0.04773324693219823	0.04770936795181815	0.04769343207173977	0.047707875029501155	0.047629511965597206	0.04768757111708257	0.04769565667084131	0.047592300091842524	0.047662834001920486	0.047566316823240404	0.047605044141387116	0.04758683899370247	0.047570380096687015	0.04761086698670824	0.047524641945565306	0.047607421958122384	0.04750010231764366	0.047602442171556486	0.04755914575180812
AT_CH	302	Pixel	AT_CH	0.047513956084734285	0.04761416464423352	0.04773325173865352	0.04770871491723236	0.04767360114517847	0.04771419223920411	0.04762895546997934	0.047665283665815954	0.047715254113519234	0.047588335890531935	0.04763523677638469	0.0475793901755536	0.04759913887313366	0.04759382624171927	0.04761093502170363	0.04759813591315349	0.04753288856129469	0.047612659253634615	0.04750010710062266	0.047601358299381336	0.047580613874335854
AT_CH	303	Pixel	AT_M	0.04751395665687601	0.04762013089729127	0.047707426728731905	0.04771523336642279	0.04769456208463054	0.04772630408448166	0.04764277619138293	0.04767446505996933	0.04768929204495201	0.0476109503615247	0.047611775795777946	0.04758604074396352	0.047586472610479054	0.04760600804784538	0.04758446243931801	0.047610133606336265	0.0475448543147162	0.0476316566821867	0.04750010767259762	0.047584755509875405	0.04755863510064068
AT_CH	304	Pixel	AT_CH	0.04751395630258348	0.04761887849458815	0.04771332935819347	0.047704632820204824	0.04770068116853054	0.047708368598031035	0.04761647270814895	0.04766114593213647	0.04770932595485863	0.04758530157137027	0.047642246525116255	0.04756668770271705	0.04762443650856047	0.047603883059276826	0.04762272200650437	0.047600249436754866	0.04752403128690873	0.047613550866096095	0.04750010731840837	0.04760137627080765	0.047568616110203514
AT_CH	305	Pixel	AT_I1	0.0475139499903545	0.04763380568230369	0.047693160974208865	0.04772108623844208	0.04771308138954743	0.04771511014640792	0.047657358807780395	0.04769437842965632	0.047695815398293574	0.04760365592789341	0.04763056133298013	0.04757348048282895	0.04759277865673674	0.047618875092670834	0.04756349002717126	0.04761691730917578	0.047523273553807276	0.04762012756472081	0.04750010100801922	0.04757782107596169	0.04754117091103925
AT_I1	268	Pixel	HA	0.04750631207741839	0.047599990266813996	0.04754573033920137	0.04766396301245592	0.047602854924310385	0.04762385429328474	0.04759127858681297	0.04767323424605389	0.04764204914991153	0.04765009271248519	0.04765411565724153	0.047652745655611395	0.04761326562533938	0.04767649436681088	0.047675437970024735	0.04770846754890144	0.04756618294087795	0.04764497159387495	0.04750011811017713	0.047590135288447764	0.04761870563394449
AT_I1	269	Pixel	HA	0.047500117638741735	0.047606196784795	0.047559027373038916	0.047677149084760576	0.047617919336534524	0.04763711419378357	0.047623759740129896	0.04768066670479613	0.04764888349042569	0.04763131590342017	0.047661523333059	0.04763324067707196	0.04759995608793298	0.04766297001165639	0.04766212595133531	0.04771406075484523	0.04755219599057596	0.047644316251536215	0.047500117638741735	0.04759672832513745	0.04759061472768148
AT_I1	270	Pixel	HA	0.047506316602594995	0.04758466840002015	0.04755812931537976	0.04767715409940259	0.04760379522487425	0.047643348736464905	0.04760483283920619	0.04765222918562138	0.047649204349202855	0.04762846362893734	0.04765879183949532	0.0476469539818016	0.047607373941633994	0.04765155761011292	0.04767682444235481	0.04768121166464139	0.04757311477860851	0.04763782598314758	0.047500122634763726	0.047612703787843186	0.04764537695389238
AT_I1	271	Pixel	AT_I1	0.047506315643054464	0.04757822037604118	0.047552552234552486	0.04767715313641146	0.04760387592871327	0.0476304883934851	0.04759852455911517	0.04765990071563439	0.04764920338677625	0.04763804551588892	0.04765411923397116	0.047652632653090464	0.04760737298005229	0.04766291459126979	0.047676823479370335	0.04767481302285797	0.04758572733997662	0.04764432030039693	0.04750012167534831	0.0475967323699541	0.0476501424640393
AT_I1	272	Pixel	HA	0.04750631772117522	0.04758628260585583	0.047597358659952085	0.04767754770004007	0.04761468282316272	0.047630490477037685	0.047591981251704364	0.04765990280047359	0.04766875694536717	0.04761236275525736	0.0476556263048454	0.047626004905096095	0.04759156580710204	0.04765084788127791	0.04766191113760318	0.04769510280291704	0.047580866389455835	0.04763187491893731	0.04750012375319811	0.047615566862886254	0.047644825496654976
AT_I1	273	Pixel	AT_I1	0.047525910193031456	0.04757247701134637	0.04765501873656568	0.04770465060478209	0.047602725656759166	0.04765707763563721	0.047610782989284624	0.04765223158525459	0.04766336071770922	0.047607936966191	0.04766065072777325	0.047580590301843494	0.04760120813469336	0.047639155082845705	0.04765521821495869	0.04765514310690234	0.04758440910658349	0.047625189774295924	0.04750012502673728	0.047600460076820526	0.04764567834998435
AT_I1	274	Pixel	AT_I1	0.04752590651080202	0.047587426891482765	0.04764881038423148	0.047710119212930245	0.04762784252799812	0.04769624443130913	0.04763105542085577	0.04767323749417733	0.04766843761038025	0.04763564354990647	0.04764248493297903	0.04758699341604111	0.04758923453648263	0.04764503147704286	0.047610161971738695	0.04764088577270785	0.04756381799214616	0.04764463743259299	0.04750012134650564	0.04757227421111438	0.047599632876575024
AT_I1	275	Pixel	AT_M	0.047519701599622384	0.047606761873876996	0.04768689410778545	0.04770394395928115	0.04767605210182117	0.04772684823303663	0.04763634074630291	0.047646527522385664	0.04770834049219845	0.04761657146166071	0.047648136209181326	0.04756067933524757	0.04758807670875984	0.047605899005986385	0.047579778103112244	0.047611013325313443	0.047564407337488034	0.047632226068867675	0.04750011296078658	0.047589196905913185	0.04759249194137212
AT_I1	276	Pixel	AT_I1	0.04750011640210641	0.0476059927082161	0.047674196055669596	0.04771750293951686	0.04766753588374053	0.0476941624161624	0.04762973446632996	0.04764729215298682	0.04769475772665689	0.04761897450674348	0.04764331593932204	0.04758615432740785	0.047605063191346955	0.047625686805016616	0.04759938723182263	0.04761894151492018	0.047552420587099895	0.04763635681011118	0.04750011640210641	0.04760299587659485	0.04757929605612236
AT_I1	277	Pixel	AT_I1	0.04752015957810579	0.04760736237336255	0.04768067352133104	0.04771750134920339	0.04766640250176522	0.047701926490200885	0.0476458878166943	0.04767993176930848	0.047681212795418385	0.047609953459013414	0.04762413114912386	0.04758012388629307	0.047565515825884946	0.04762580877696046	0.04758952527858486	0.04763678416333006	0.047552274384725195	0.047641826332262945	0.04750011481903793	0.047579006781668945	0.0475938769477243
AT_I1	278	Pixel	AT_I1	0.04751396033682373	0.04765792863415486	0.04767468464098499	0.047704636870634726	0.047673038978566736	0.04767665011507432	0.04765731001002493	0.04768736226428198	0.047687860949137226	0.04762363279376443	0.04763657410456331	0.047586044429494136	0.047571896056617984	0.04766264559671247	0.04759146350576648	0.047617449742447054	0.04755751819030199	0.047625372405015305	0.04750011135147274	0.04755296831650481	0.047540890707655846
AT_I1	279	Pixel	AT_I1	0.0475139627265256	0.04761439891465719	0.04766718283488193	0.04771750026570747	0.04765601656091108	0.047715280635403895	0.04763561643668797	0.047680662791715095	0.04769475505412201	0.04761348401542197	0.04763632106002842	0.047579640149601	0.04758580369238626	0.047614802281156145	0.047616506253831216	0.047617701202328416	0.0475511595575664	0.047642008183522	0.04750011374047809	0.047581073712406205	0.04756600993066173
AT_I2	317	Pixel	AT_S	0.0475260548515322	0.0476306279161381	0.04766175648701017	0.047677927071215244	0.04769452375583109	0.04765018300185439	0.04762129571430227	0.04764638403444572	0.047721238500717876	0.04763559125853307	0.04761225467631645	0.04760582179549336	0.04763199797923705	0.04763747060904429	0.04759098759163008	0.04760585883695681	0.0475785334380946	0.04762546499540129	0.04750012065824108	0.04753975010773703	0.047606156720267724
AT_I2	318	Pixel	AT_S	0.047519701956643574	0.04763121390259242	0.04770556297143931	0.04769144469680471	0.04771408435545545	0.04767482199677085	0.04760871879771564	0.04765561390341353	0.04771493258044396	0.04761065588341664	0.04763632763541428	0.04757363777684213	0.04762662625549304	0.04762521366210021	0.04758491145660324	0.04760656415431451	0.04755143507243858	0.04759973346277365	0.047500113317660596	0.047588777175037796	0.047579908986625855
AT_I2	319	Pixel	AT_S	0.04752605132963707	0.04765750796494139	0.04765427836090418	0.047685099362365466	0.04770248699599101	0.04765632221262678	0.04763590045134273	0.04767432804209415	0.04771493641832984	0.04762907740279207	0.047623367893530735	0.04760483361876076	0.04760678114193154	0.04763708499285116	0.047571245065358723	0.047612674476419724	0.04758391934394115	0.04761269563669392	0.04750011713826778	0.04755125226651191	0.047560039884708055
AT_I2	320	Pixel	AT_S	0.047526054206801914	0.04765130745747616	0.04761078768167373	0.0476840898919173	0.04769551809568764	0.04765029880139125	0.04763512327953093	0.04766739041221276	0.04770186187878348	0.04764255364069729	0.04761831569035533	0.04763090469640516	0.04762007761452959	0.047643911601252587	0.04757054156339187	0.0476178199122672	0.04759093600940699	0.04762451580277432	0.047500120013862605	0.047533066275877556	0.04758480547370417
AT_I2	321	Pixel	AT_S	0.047520303588959145	0.04767151638370894	0.04767178666150928	0.047691441185724825	0.04771652908596564	0.04765627077612705	0.04763511305736423	0.0476725676361905	0.04772134898633924	0.04763558039004984	0.04761170379077296	0.04759288541360962	0.04759892193788398	0.04764522870738244	0.04757123773680005	0.0476058479752573	0.047583912013429944	0.0476182886543288	0.04750010982066667	0.04752603535590268	0.047553370842026675
AT_I2	322	Pixel	AT_I2	0.04752031425177266	0.04768982816767208	0.0475971600703479	0.04765781184547065	0.04770437627555631	0.047638278935899434	0.04762820150994606	0.047645828151538006	0.04768063069283907	0.04763691707344613	0.04760591515494108	0.04765666041763099	0.04758743468745149	0.04763728473581702	0.04759218728680526	0.04764320782360503	0.04764006928874683	0.04761927396365583	0.04750012047894902	0.04753413358928168	0.047584365598627464
AT_I2	323	Pixel	DF	0.047595126832496885	0.04769001064884198	0.04757822226635867	0.047665387599022384	0.04768379095687635	0.04760390015666611	0.047663973793247036	0.047665210639606	0.047680360059325334	0.047626483827007314	0.04758616829963782	0.04769483931675733	0.04756038517851309	0.04764274483643538	0.04756754583515274	0.047617876848953335	0.04766684607807001	0.04761840210408412	0.04750011724307675	0.047527313869356325	0.047565293610514876
AT_I2	324	Pixel	AT_I2	0.04765562616792459	0.04764368696894635	0.047616406631817314	0.047653492205761455	0.04769698120335243	0.04761842992906757	0.04764242174769594	0.04763177134418372	0.04767103664443542	0.047618378709235736	0.04757273396542849	0.047645700430900294	0.047581336616533625	0.04764267990617252	0.04758583560689587	0.04761042217953524	0.04768661857698698	0.04761872727141549	0.04750012510144475	0.04752732173222371	0.04758026706004232
AT_I2	325	Pixel	AT_S	0.04752029681733572	0.04769665645540455	0.04768050302011146	0.047699018737375455	0.04769078299919398	0.04765626398512836	0.04767720126185335	0.04768626397344665	0.047701558195063665	0.04766242963577854	0.047607935945506615	0.04759783080940132	0.04755279574896438	0.04764322502157203	0.04757334735734117	0.047617712746618024	0.04755735500760128	0.047623844208333585	0.047500103051920844	0.04752729967007515	0.04752757535197397
AT_I2	326	Pixel	AT_I2	0.04752661174092677	0.04770953919763804	0.04764645188881746	0.047697451338382976	0.047715941009551344	0.047637061526186415	0.0476971347078836	0.04769894247608815	0.047694553620427724	0.0476441525297103	0.04761438187990825	0.04759233178663307	0.04756520246325238	0.04762150290238321	0.047570836498525386	0.047625627257424016	0.0475649742309621	0.047605079718137974	0.04750010418178815	0.047539083091740354	0.047533035953632494
AT_I2	327	Pixel	AT_I2	0.04752029973810026	0.047704328897404794	0.047690714214046644	0.04769187605217205	0.04771710817970312	0.04764992244990053	0.047683660305368324	0.04766258692276556	0.04768927614461127	0.04760685795936946	0.047659480618198316	0.04756690095530093	0.04759936212908728	0.0476215046966132	0.04756316353072007	0.0476177156733701	0.04755102505749853	0.04759434945144121	0.04750010597144421	0.04757671605628853	0.04753304499659547
AT_I2	328	Pixel	AT_CH	0.04751395459002635	0.04768366457414113	0.0477186557984195	0.04768571121174901	0.04769575504975685	0.047649922083655205	0.0476637430683511	0.0476816602938891	0.04770864664028329	0.04760055731109145	0.04765386715510491	0.04755427248625278	0.04761840540786477	0.04760624076658595	0.04757011816160609	0.047611860001002516	0.04753860518569054	0.047609332932339515	0.047500105606350394	0.04759568904781831	0.04753923262802123
AT_I2	329	Pixel	AT_CH	0.04751395981643577	0.04767239730941941	0.04771866104734552	0.04768496792605207	0.047686088775752915	0.04765636821252067	0.04763013571057371	0.04767528017445945	0.04770093401650361	0.0476177653063917	0.04765068156636276	0.04756191794990338	0.04762307606977394	0.04762411974856391	0.047565315604532414	0.04761890181124319	0.04755235722109932	0.047607474022739384	0.04750011083123646	0.04759275507247152	0.047546731806619044
AT_I2	330	Pixel	AT_CH	0.04751395707685285	0.047632062593312846	0.04773115940081286	0.04768360988427722	0.047723544146940466	0.04767598352748269	0.04759661947087742	0.047622534692193366	0.0477162714367212	0.04760004135679387	0.04766105263685555	0.04756722003515807	0.04765347389290112	0.04760560134053188	0.047570620205775446	0.047598146812170575	0.047559337568993235	0.04759514934450923	0.047500108092452066	0.04762000362192723	0.04757350286246051
AT_I2	331	Pixel	AT_I2	0.04752030568818066	0.04767165280867945	0.047671932548778564	0.04767039655413132	0.04773424443116586	0.0476378499432022	0.04763616054772526	0.04767442448077758	0.04771464444707817	0.047617989596284244	0.047626022181705634	0.04759337879501792	0.047635651430125894	0.04763135577388307	0.047551099082127894	0.04761912194406904	0.047559894184362406	0.04760533088980167	0.04750011191899611	0.047568605634781505	0.04755982711912549
AT_I2	332	Pixel	AT_I2	0.047668154064396354	0.047664773222124354	0.04759861279084475	0.047642862966335964	0.04770397159305081	0.047617502445993914	0.04764971351625691	0.04767865261614358	0.04766779609409975	0.0476231329931575	0.04757923079943828	0.04763090797229347	0.047618826756092886	0.047643914878035466	0.047546087739388274	0.04759114626781179	0.047639979223281025	0.047611150665503116	0.04750012328075601	0.047532865123638565	0.04759059499135715
AT_I2	333	Pixel	AT_I2	0.04768197072830024	0.047696796618876526	0.04758323295822561	0.047636189359251103	0.04770282429720241	0.04761749625438417	0.04767641270280368	0.04768670674785966	0.047673474486336846	0.04762312680081562	0.047583864766710005	0.047632968919112666	0.047592265358985385	0.04763354982934753	0.047558856885325754	0.04759112236515148	0.04763876360146821	0.04760642003151616	0.04750011710440884	0.047526042643620314	0.047557797540297604
AT_I2	334	Pixel	AT_I2	0.04768196119297848	0.04770328422865353	0.047681011426323236	0.04766512132778875	0.047716526860659775	0.04762346481404551	0.04769040459184855	0.04766766446413027	0.047700338160626944	0.04761703569148304	0.04758385525100724	0.047579367744714794	0.04757841663360975	0.047607647311508086	0.047537969078807425	0.04757183683679071	0.04762330552101352	0.04759839277092334	0.04750010760545373	0.04753305385886216	0.04753923462877128
AT_I2	335	Pixel	AT_I2	0.0476819635641328	0.04768602296122123	0.04768128738950623	0.04767059146853795	0.04770861710761658	0.047656162219742615	0.04767740656881123	0.04768666684920574	0.047681388751530655	0.047605042011528355	0.04757891010727003	0.047579572367980695	0.04757173887182319	0.047614948259848036	0.04754548078128416	0.04755813532665727	0.04759800781686183	0.047633525241368845	0.04750010996756473	0.04754590705280147	0.04753851531470631
AT_I2	336	Pixel	AT_I2	0.04764194313335266	0.04768599008496352	0.047635878183775376	0.04766901741898908	0.047689868553876934	0.047603907999004276	0.047657382947734764	0.04767298500117532	0.04764143641157091	0.04762603708684083	0.04757298193963295	0.04764443189304875	0.04758481247084718	0.04763683927594764	0.047578943936663176	0.04759783635759536	0.04760566492652449	0.04764329319112282	0.047500125068317564	0.04755164238308362	0.047558981735932815
AT_M	280	Pixel	AT_I1	0.04750631609812609	0.04759423605360651	0.04761205085393629	0.047697198944890634	0.047616083434232875	0.04766253661662166	0.04761179543811163	0.04767323828088908	0.04767590998563758	0.047638198300677975	0.04765562467669515	0.047625490840745466	0.04758062865960774	0.04764467155289801	0.04765388691624269	0.04764727053980817	0.047558261712689814	0.04764432075679053	0.047500122130360596	0.047583833944354316	0.047618324263077216
AT_M	281	Pixel	AT_I1	0.04750631730313759	0.047580173474737184	0.04762931339125378	0.04770456370678418	0.047609523841323685	0.047669173736631355	0.047604833541201534	0.04765222988831564	0.04766977200046355	0.047624360228823756	0.04765562588549391	0.04760631427417183	0.047593055562820695	0.0476380973108666	0.047655485190750455	0.04765437192586538	0.04757782774551462	0.04764484159398883	0.047500123335214986	0.04759042778754582	0.04763356827509438
AT_M	282	Pixel	AT_I1	0.0475058567033332	0.04759472118958982	0.04767415369562766	0.047697550473747144	0.04764228912168976	0.047682384995440946	0.047617211967199036	0.04768634139871643	0.04767019226179081	0.047619773667465	0.04764973456736355	0.04759947408883951	0.04761412652214777	0.047625623367786044	0.047629730118359144	0.04764040594946863	0.047531532872212734	0.047631869874355005	0.047500118722569276	0.04760923083143596	0.04757767761086256
AT_M	283	Pixel	AT_M	0.047519708878627234	0.047573387023360614	0.04767369022827052	0.04770364128868008	0.047647926414952295	0.04770918570628902	0.04760866168725641	0.047640929285009743	0.04765682441665379	0.04759992465976924	0.0476570628067014	0.0475806822207413	0.047619137199282895	0.04762596801566985	0.04764353487110342	0.04763520332583499	0.04754645635848583	0.0476316692811758	0.04750012023679087	0.04762079919178311	0.04760548690356165
AT_M	284	Pixel	AT_I1	0.047525907884577556	0.047574631505207826	0.04764232035028121	0.04771012059203061	0.047629783105523446	0.04770881955049385	0.04763100794030424	0.047673238872211594	0.04766168980235008	0.047606060587762566	0.04764113734098022	0.04759924121518627	0.04758093443181561	0.047632926377926564	0.04762162738813826	0.047629186616213286	0.04757831039875209	0.047638143486932495	0.04750012271953584	0.047596216452513565	0.04761857338126301
AT_M	285	Pixel	AT_M	0.047520168310861755	0.04759351655080353	0.04764311890862452	0.04770171756934744	0.04765455161801409	0.04771309197046727	0.04760423443245128	0.047638959345186055	0.04767669645968411	0.047605499775011585	0.04761787078055551	0.04761226529699302	0.04760482843846577	0.047613780154327955	0.04762936230429366	0.047610149518621844	0.047580201730512785	0.04763783008978897	0.04750012354811028	0.04759068417239732	0.04765134902548103
AT_M	286	Pixel	AT_M	0.04752590744808591	0.04757476511434824	0.04766054005514615	0.04769512655739899	0.04763603960696054	0.0477134942358045	0.04761878921870108	0.047655359871320614	0.047664468497552626	0.04758860153409545	0.04766179310656803	0.04757449676103823	0.047633149696654886	0.04762085177272814	0.04760023532688409	0.04761700506513997	0.0475726840007459	0.04761471681640799	0.047500122283281	0.04763468845442486	0.04763716457671302
AT_M	287	Pixel	AT_M	0.04752590608561179	0.04758909931132016	0.04769196455091728	0.04768940892680533	0.04765405873419602	0.04771984579653934	0.04759000615902942	0.0476486611322161	0.0476704568787307	0.04759972157760031	0.04763816513026608	0.04757727604083871	0.047652375850458666	0.047601321470409616	0.047600787848388726	0.04760557382765481	0.047565841478078234	0.04762552611784615	0.04750623948669631	0.047623059417011754	0.04762470417938458
AT_M	288	Pixel	AT_M	0.04751969981464252	0.04757337794913723	0.04769249174005444	0.04768996297288924	0.047663642391227744	0.04772014626491724	0.047595403246563785	0.04762274585895632	0.04768363284843045	0.04758176990805518	0.047699989058250826	0.04754904585819529	0.047653015944630055	0.04760950260066336	0.04761021008794194	0.04761310708254804	0.04755351634228697	0.047609136206750155	0.04750011117654252	0.047667807693351154	0.04759168495396554
AT_M	289	Pixel	AT_M	0.04751397402608226	0.04759613354819158	0.04768011940995319	0.047684173898919366	0.047677246902655665	0.047692072845989884	0.04757764195612369	0.04764534184065341	0.04763907033429077	0.047613868321044125	0.047661200070514054	0.04757379688080747	0.04763339153897745	0.047627135483734796	0.047571532002008955	0.04762918893971483	0.04754501629026714	0.047571949793157396	0.04764657084352278	0.04763527870947017	0.04758529636392116
AT_M	290	Pixel	AT_M	0.04752015749762688	0.04761429359212452	0.047693173312552316	0.04771011056780938	0.047673667159619175	0.0477194563829165	0.047652304730949904	0.04766665121102129	0.0476949143772746	0.04761804173200724	0.04763561658905685	0.04757379552671586	0.04759768284434172	0.04761560554714571	0.047569001483113355	0.04761103051294883	0.047552416920396974	0.04761141180302082	0.0475001127394366	0.04758465655386052	0.04758589891606093
AT_M	291	Pixel	AT_S	0.04752030096727505	0.04763742296412929	0.04769316775069815	0.04769690934366607	0.0476931992571589	0.04769600168095379	0.04767609542562374	0.04769913237543087	0.04770148757301105	0.0476174953989706	0.047634736688038026	0.04757388223120835	0.04759892671172559	0.0476102087728519	0.04757123280695142	0.04761668568685629	0.047545155611461054	0.047613914776530875	0.0475062257634794	0.047565042624752446	0.0475327755892269
AT_O1	348	Pixel	AT_O2	0.04766238404736071	0.04770412941586996	0.047636763971091525	0.047679178844358	0.047677124110420216	0.047624297921048726	0.0476887722620831	0.04770643953116957	0.047667398496888544	0.04762323202440371	0.04755326334422778	0.047618337607216184	0.047559296617579405	0.04763092731203037	0.04754726239737141	0.04757793571370892	0.04761751071565222	0.04765455415460288	0.04750011088985341	0.04752507780371301	0.04754600281935032
AT_O1	349	Pixel	AT_O1	0.04752029862786248	0.047683738643578	0.04760836736688852	0.04768347907401949	0.047687265629590504	0.04762699800387075	0.04772272643341796	0.047719768533966166	0.04769376959840988	0.04762153776827022	0.047612077387414325	0.04761152447951593	0.04758406208755899	0.04762771241967874	0.04757822879547456	0.04765207384874916	0.04756513461732051	0.047642618828152	0.047500104861678216	0.047512606275821156	0.047545906718762354
AT_O1	350	Pixel	AT_O2	0.047506782254080504	0.04765935751530888	0.04760783779423862	0.04768347802566026	0.047649627066615685	0.047644664388727415	0.04769536788227415	0.04770548383409789	0.04764732542926625	0.04765051928771768	0.04761056001427422	0.04763242512893504	0.04757463134812156	0.0476521999388276	0.04757913252510228	0.04765773199030041	0.04756549476530515	0.04769923631988255	0.04750010984186669	0.047538614798340526	0.04753941985105671
AT_O1	351	Pixel	AT_CA	0.04752030280870107	0.04772288816970828	0.04758938748139793	0.04767690363697054	0.04768325486628416	0.047650877569089735	0.047701364062751835	0.04768765137475294	0.0476612693740079	0.04763550124704669	0.047595173671087704	0.047651130317363545	0.047564549417876426	0.04764112643159992	0.047579384196838305	0.04762424203845441	0.047591913715437834	0.04764630501163671	0.04750010904074017	0.04751932728599408	0.04755733828225978
