label	time	source	prediction	AH	AT_CA	AT_CH	AT_I1	AT_I2	AT_M	AT_O1	AT_O2	AT_S	CN	DC	DF	DG	ES	GL	HA	SA	SN	SS	TMA	TS
AH	8	Pixel	AH	0.7268510708045305	0.00028066277494712567	0.0007532832213331938	0.0010720205078474032	0.0004662728651107664	0.0009120885267267105	0.00031610492343600246	0.0006693619896220778	0.0011256423368617805	0.0002493321721192319	0.0009218487170779294	0.0004858401211315323	0.002987690931952161	0.00023588558858051592	0.00017452609465439702	0.00029062769245982847	0.22847617896066938	0.00029097729396112816	0.0008681908935476095	0.0010066141405355262	0.031565779442895556
AH	12	Pixel	AH	0.9176029957710744	1.1978160580897695e-05	8.014779609054874e-06	6.196340243202648e-05	1.613851739075847e-05	2.955409939005107e-05	4.6258418231202854e-05	3.81009227736531e-05	1.1238965197132881e-05	0.00017831828911823983	1.2671678901445127e-05	1.5530248942111376e-05	4.421409842133329e-05	3.238399992592963e-05	5.4527522602793385e-05	7.387297087090559e-05	0.08031668900080383	5.79240723103505e-05	0.0001303007777596264	0.00010745405920034609	0.0011498702444636274
AH	17	Pixel	AH	0.9161996255961996	0.00014616295007807183	0.00016588748879653835	0.0004775650265965029	0.0002267647077680409	0.00024289172435529492	8.81572643309204e-05	0.00017081848569883336	0.00032099251177961113	0.000195587765761762	0.00029409181161039067	0.00023979187193499656	0.0006242454971299478	0.00016080123664108712	0.00018957362364578853	0.00032958904583598933	0.05838606111268242	0.00012870562147221596	0.00016667388587045782	0.00025885236804606244	0.020987160403765616
AH	19	Pixel	AH	0.9219895122430316	0.00153909922983075	0.0010054125885735274	0.002274613464443449	0.0011509917874631757	0.002758248202166784	0.001062297764075753	0.005940324934786348	0.005079262345796041	0.0014215576553637684	0.003072027585484594	0.001686834953120343	0.0037677910621594177	0.009056465449482819	0.0006775478899081573	0.0020227550386299692	0.010040069259077827	0.0008316080475604874	0.0014380070935127883	0.0017740391958674174	0.021411534209665503
AH	23	Pixel	SA	0.2766755360086686	0.00028502218366323697	0.0015135447020932936	0.007097421857733086	0.00037380370596452477	0.001452764267648815	0.0003284139248482869	0.0008360230192398901	0.0011335899706961272	0.0004991304992279676	0.0008942973367530205	0.0006878799192006547	0.001581763248707946	0.0026020672462278285	0.00043462380460713204	0.0006326849534162972	0.6977889590367988	0.00028627108284385384	0.000978502980805049	0.001963598079500317	0.0019541021713548835
AH	26	Pixel	SA	0.484510369496376	0.00022352762919015693	6.895944483242606e-05	0.00018462429835176963	0.00029422266609021984	0.0001916268598866018	8.323216561856089e-05	0.00010920104327672803	0.00030503598963577984	0.000642948982306517	0.00012846116642701753	0.0002648952044022878	0.0004258877022759466	0.00045497381970834575	0.00014681315974920167	0.00013323622843703715	0.49191905892509885	0.000169742568649108	0.00016102866255224152	0.00014424376283579852	0.019437910224299918
AH	29	Pixel	AH	0.5805443970501677	0.00040649130343380123	0.0002258112954491895	0.0004020919511902747	0.0004902381566080767	0.0005839602948283945	0.00039078153770288876	0.0009533509809089404	0.0008163495581778709	0.0005882869219614745	0.0007616802054988218	0.0025025980885337463	0.000864681144963447	0.0003729228972369042	0.00019449286018794344	0.00031258251759578714	0.33253977019254255	0.00028843951160656834	0.0006977390291469003	0.0005680415492921656	0.0754952929529665
AH	31	Pixel	AH	0.8975672451756103	1.3662968574010591e-05	2.6541783816755837e-05	0.00013260746928943012	2.110292342108377e-05	2.8969731116580515e-05	3.2815400745589445e-06	1.0344437896546826e-05	7.232328404046473e-06	9.977240647928656e-05	5.531356864340865e-05	0.0003356910185051326	2.6977404401525267e-05	9.683360263956032e-05	5.848007659801574e-05	1.1049794821598287e-05	0.09811823311823638	8.933774190208155e-06	0.00011924382755765036	0.00014011021479893082	0.003118372834924956
AH	33	Pixel	AH	0.8811745732260895	0.0006078380369435362	0.00018621896385517337	0.00034860712416861015	0.0008637374409388548	0.00029336794848540285	0.00019815588197664614	0.0002759837357590553	0.0006023615571470018	0.0015371970406978456	0.00033742705104192135	0.0007999021376694453	0.001760599173758294	0.0006806166557810543	0.0002810170924087412	0.00022423959131226854	0.08644517218236053	0.0004989325219625513	0.00023857223331622267	0.00023955726765746138	0.022405923136670388
AH	43	Pixel	AH	0.9573895751389884	5.4538339099558605e-05	8.12396006421825e-05	5.23972893504982e-05	6.098133146044087e-05	3.9656356011587514e-05	9.742654491298209e-05	0.00039476175685880505	7.521746921451705e-05	0.00044590809646509184	7.557788230739265e-05	4.9614215708243974e-05	3.9156763150079774e-05	0.000248071643871278	7.164457965339461e-05	9.167459940512782e-05	0.03848828870436069	1.797624959508413e-05	0.0002339530303914287	0.00020889368939703683	0.0017834467191565184
AH	45	Pixel	AH	0.7262493504178136	0.0025632933275830934	0.0010918287678222385	0.004201182171718821	0.0012507823504103832	0.005626383928995123	0.00039993661158852113	0.0010108350446427162	0.0010160079340743868	0.0001955914261378682	0.0013562059056965365	0.0005044780628441489	0.0024318725889241515	0.00018329503818595525	0.00013406765526862175	0.00021071731728495606	0.2242830234085945	0.0001583584669713623	0.00039148707212811667	0.0006685969714775037	0.026072705531837916
AH	47	Pixel	AH	0.8586625624073712	2.1579057426917572e-05	4.3743759684576474e-05	0.0002851234942701193	3.643301122595888e-05	6.078747269344229e-05	1.9916971968833022e-05	0.00010247111752011376	1.099853840055271e-05	4.4016524532168744e-05	8.946154844754751e-05	7.192010975537825e-05	0.00011841429120820361	2.73504763542606e-05	4.1416240285127256e-05	4.937902384220276e-05	0.13596893849237315	1.010191914789589e-05	0.00019437620953652229	0.00023384455782294583	0.003907164776133276
AH	51	Pixel	AH	0.5937495507258568	0.002356579539773521	0.0013350414160227875	0.001869906279840026	0.0030625358807349684	0.0016001311493120272	0.0008412940511796493	0.002059847571547234	0.00290264778607542	0.004473880360711671	0.0015450039790593452	0.005157012626760902	0.0010320806135430828	0.003590516575191626	0.0008800844057924379	0.0012088141232834589	0.2880965853370416	0.0007982322464379418	0.0007695419093213906	0.0007227279529378925	0.08194798546957627
AH	61	Pixel	AH	0.9743007749346929	0.00029365256340499896	0.00016316486669606573	0.005982174169766836	0.0006522888048985859	0.0003378071633923535	0.00017240763608063472	0.00048400326860952654	0.0014421735861814907	0.0009436334472528687	0.00020444298347386335	0.000293961803479263	0.0010421157603393123	0.0029838962566548152	0.0002183351737093495	0.0005658164821625432	0.007424103116786914	0.00026688395548782107	0.0002148985626739922	0.00019533343539104625	0.0018181320288652826
AH	65	Pixel	AH	0.8954829165963059	5.015505574682895e-05	1.9619153107688274e-05	0.0004350616054640225	6.62031848351726e-05	2.2226133071107936e-05	9.42837272614794e-06	4.141116868327078e-05	1.1286229474593185e-05	0.00011229252199639507	4.751415912907468e-05	4.332789789107756e-05	0.00034119392355546355	0.00016172094598957218	6.874865081909398e-05	4.5935252493687504e-05	0.09338692778595042	7.2626471234302196e-06	0.00010243435898551462	0.0001298242310104239	0.009414510125642393
AH	68	Pixel	AH	0.9646884059778623	8.664353821893954e-05	6.601165574463217e-05	0.00016837232295462948	0.00012471777613123162	0.00018960347872258	6.128422481693958e-05	0.00011926222568911954	0.00021480685137999515	0.0002264035037535316	0.00012468229138840932	0.00024908291023180104	0.0001254203441266382	0.0001294124110114025	0.0003215209834997723	0.00018911527147658455	0.023549151346945393	6.086705803169626e-05	0.0001948255539459082	0.00031999387390912673	0.008790416400159502
AH	69	Pixel	AH	0.707177832239461	6.721403864909893e-05	2.7722716999473563e-05	8.946108698290618e-05	4.1443114605242474e-05	5.852831282858107e-05	6.254456707973947e-05	0.00013316731953000617	9.90536357389736e-05	0.0001965373256146616	5.8701574435703614e-05	0.00040790175583443227	7.320522460496957e-05	0.0005053560461008893	0.00015957767796280685	0.00025174075153315675	0.2752415829937806	3.452049782630819e-05	0.00012653369096698278	0.00017786136661164037	0.01500951406285232
AH	70	Pixel	AH	0.6317291664734356	8.627220978181593e-05	2.7292739024069895e-05	5.356853787426351e-05	0.0001348762537056098	6.231438703559342e-05	3.3946815554269595e-05	0.00014243274399036824	9.126127249275588e-05	0.0013677483599347387	6.533736407403188e-05	0.0008304471611899021	0.0001250549842469103	0.001009392584280924	0.00010599923964573061	0.00012080025895187406	0.34508989781928756	4.320480249672424e-05	0.0001590812402246278	0.00011290593412250572	0.018608998818650548
AH	79	Pixel	AH	0.9730694384987171	0.00014361542059401566	0.00034618435575317874	0.001013205981901416	0.0001407753972842055	0.0003382909440896089	0.0005071302648190413	0.0017469628188356528	0.0013682714331658143	0.00026642213608120993	0.0007302581942368801	0.00018445329904247584	0.00026451075888472993	0.00039949377416600274	0.00033101332996269243	0.00215948925630327	0.0068185876228234145	0.0003362115967558331	0.001032036892454626	0.0009393758518414758	0.007864272172286484
AH	80	Pixel	AH	0.8481668960823716	0.0009632673154940345	0.0006016828700054455	0.0057582528522695615	0.004241569471488913	0.00109933768078523	0.001845738244630492	0.0020006764992606388	0.002465248988367101	0.0009480678335045524	0.0011251270197068378	0.0006761272382227522	0.08959077371731564	0.001295598648352461	0.00034043636138310346	0.0011019568199861836	0.005808792026420871	0.0007478760009723412	0.0007940280119842659	0.0008618508179417709	0.02956669549953735
AH	84	Pixel	AH	0.5580618500403808	0.002680899801404334	0.004616512095770081	0.004715618352243534	0.007271199217205298	0.005417021459089027	0.0023662347314161885	0.0038488995526898065	0.009514673289444924	0.004624702886492789	0.007714027008618855	0.004166165207993627	0.01280498743711527	0.025234352617657482	0.0034116344383796054	0.002905757377343776	0.07265868761096977	0.002613411762999814	0.0020745449084675683	0.0019392366457351277	0.26135958355858224
AH	93	Pixel	AH	0.9698085823663286	4.312019345581907e-05	3.5642045771908455e-05	7.575144968460515e-05	6.563271053077582e-05	7.607769593032745e-05	5.5058598727166e-05	0.00016978504740110045	0.0008275354082120463	0.00017038250103590906	0.0002908782153697155	0.00010326254424110404	0.005569472290864895	9.62540877379038e-05	4.103930949957784e-05	6.862941948608441e-05	0.013050723539527619	0.00010864443855691717	0.0002313705706092852	0.0004506804467325482	0.008661477120296614
AH	95	Pixel	AH	0.949616726930617	6.664146197552244e-05	0.00018044680965484595	0.0001614958098522096	8.934078463425172e-05	9.93959660592104e-05	5.970320921087909e-05	8.550573574588052e-05	0.00014897170148091705	0.00010318517268743477	0.00046656458404004293	0.00014478361170257103	0.002542247346022934	0.00011822365112999603	5.8533535917648146e-05	6.817936113320265e-05	0.029100228553651786	5.323504871487037e-05	0.0002694851010922313	0.0004718817600883694	0.016095223864588275
AH	96	Pixel	AH	0.9133551326740396	1.7881882974385042e-05	3.0098155632261234e-05	0.00010934679972174642	6.579239745683689e-05	4.578852367808342e-05	2.457435875917693e-05	7.953425131453956e-05	2.874046386872125e-05	0.00016713847803817445	0.00012821605608974568	2.996177929671904e-05	0.00016395526343681018	5.30953075460029e-05	8.075258542254075e-05	8.004665416384569e-05	0.08087792880446028	3.622355646716091e-05	0.0001728089527770392	0.00024400661958081684	0.004208976435276204
AH	99	Pixel	AH	0.7765913722657599	5.2644638751452934e-05	2.566552902218197e-05	9.416846551081999e-05	5.750181696759066e-05	0.00010374927157107175	2.544802189583087e-05	8.760149802481673e-05	0.00010727165288702329	0.0003476868709165952	5.97628257003545e-05	0.0003979558572659885	6.436413655414993e-05	0.0003157744223298696	0.00012265261374446042	0.00012341262024919105	0.20569203457968513	4.6000068330440806e-05	0.00020228898893458045	0.00017546244877641258	0.015307181407121572
AH	100	Pixel	AH	0.7397212302911602	6.907180576893847e-05	2.732563245992864e-05	9.075891246716945e-05	3.927061870324843e-05	5.745347555860919e-05	6.385561490908818e-05	0.0001614400361290076	9.818100205768467e-05	0.00020545194058131658	6.067627290351322e-05	0.0004400351169629476	7.29368483541309e-05	0.0005561112394905933	0.00019260968662562653	0.0003110419296767392	0.24330080232730963	3.4241899928590543e-05	0.0001262531313631226	0.00019006410356413124	0.01418118811402576
AH	106	Pixel	AH	0.9733753912716642	0.0003196740887038473	0.00045255706329366526	0.0009751760624621958	0.0005751631710731289	0.000589177539689738	0.00028314893072545547	0.0041371309483469185	0.0006786940149551738	0.0004073249851661964	0.0033267925229590873	0.0003779072961383152	0.0018098682585257879	0.00035157547223082125	0.00017749381784390867	0.0007700696120115588	0.0016160704644756507	0.00018544202052950438	0.0007504485396442625	0.0005529909941323403	0.008287902925428872
AH	109	Pixel	AH	0.9238794813047265	8.891462833113404e-05	0.00011564591661871792	0.00019444271059153447	0.00015453073894930257	5.9143654244952294e-05	2.9409601075922677e-05	8.13859846158748e-05	0.0002332361340690873	0.00023469809084194907	0.00046993821919920006	0.0001776781011622688	0.0018528037471904077	0.00023668603184724896	8.038375211770295e-05	7.712867440521e-05	0.02355741235214719	3.791880931293267e-05	0.0001805998103234563	0.0002714084315661967	0.04798715330666304
AH	111	Pixel	AH	0.8640850281029963	0.0002456949892648242	0.00014310727530469694	0.0008391024153368343	0.00029302371216509816	0.00020177260860008623	0.0001444154966813957	0.00018880769511980778	0.0003940603171018524	0.0002529210060943914	0.00025689561031504274	0.0002830566536047724	0.00352127604133338	0.00032973532680343447	9.60969888766625e-05	0.0001419356166665679	0.09894201551426546	0.00010434756444909976	0.00019601479760000741	0.00025103450640823975	0.029089657761011977
AH	120	Pixel	AH	0.9711955355633911	0.00013918329935476127	1.974492884893976e-05	0.00021388202238344458	9.94287628420015e-05	5.2567458969793046e-05	4.157233089317955e-05	0.00017176307951143402	0.00017340964334467763	0.0008896733082112864	6.252604693962839e-05	0.0007174842557228053	0.00013350208343338934	0.00045461290920607264	0.0002922235322340551	0.00016452047568329102	0.016929624656659925	3.599651598246872e-05	6.481094025900114e-05	0.00012574652961104668	0.008022191656517293
AH	122	Pixel	SA	0.0048529045753683935	0.0015448409405929594	0.0004124704116446891	0.0013119401604570955	0.0018545260884937345	0.0011720992130594293	0.001293843184151817	0.002226289418451812	0.002023195809437993	0.010577983837966142	0.0014221850736605033	0.011578740216019439	0.001629401705768402	0.0017176109156346532	0.0007376596691359094	0.0019434927413124832	0.6168456803569262	0.0021619915335072326	0.0006225970347476324	0.0005240169854429376	0.33354653012822083
AH	9	Redmi	AH	0.5326606770860788	0.004337354714306596	0.005993428786164688	0.005440196905319024	0.009839332555842267	0.00988775150482459	0.008587937393288017	0.007784282738201063	0.01666503297626089	0.0009303018985943967	0.0027583365903154525	0.005743796718380139	0.0009602572218262929	0.0016764301422498846	0.0004265414023399631	0.0009501034311344402	0.3771901582352953	0.0005834934263378902	0.0003977571435166572	0.0007316620565472002	0.006455167073176717
AH	11	Redmi	AH	0.3700170971837246	0.010669299471353774	0.01377103964720255	0.019612253984788188	0.04758094378976065	0.021259852018663553	0.0037309636010255938	0.003590330959070489	0.1369048162788925	0.004682963267235489	0.01560411415640556	0.026595198970790934	0.018273180855691573	0.0014743863509994017	0.0010243581044725846	0.0010783473254786298	0.2755116302909438	0.002974300995213039	0.0010633695084721476	0.002147248298068319	0.022434304941746086
AH	12	Redmi	AH	0.5030158785089764	0.01976407055839881	0.007280918217663831	0.0061618744545375755	0.05752526705028231	0.008281194939425264	0.01176615116710311	0.005885889090050489	0.040360334709621776	0.003206704007057788	0.012546130371971973	0.01716852811331744	0.017778547675904175	0.0025216469381769825	0.002231344364321376	0.002322495144876548	0.2034041759676398	0.003190313067125171	0.0019378369923137475	0.003138294756569067	0.07051240390466594
AH	16	Redmi	SA	0.3366664803421349	0.0006271846131890592	0.002888796993637638	0.006465560306546055	0.00021820360866065019	0.002103803095280663	0.0005751107070813449	0.001056194247448259	0.0011272438496790756	0.0001042347998668691	0.0011714734288349868	0.003123290842691311	0.00023001136517715288	0.0001914795380190263	0.0001381177904914223	0.00033699970771668326	0.6400594705786453	0.00010403678818159436	0.0005345502754919876	0.0005837373878113215	0.0016940197334144955
AH	24	Redmi	AH	0.48634578914050336	0.020012430868952	0.0046713285648551615	0.008613077623324295	0.10979160768247981	0.004625924065063114	0.015209635141887065	0.006303030382084103	0.03280390069812337	0.021233499991268036	0.005999916550765395	0.03707546677000879	0.0217628040930361	0.003467964744562281	0.0016070339871180847	0.0014019213570176403	0.187869999418487	0.004918272798398032	0.001490041158069277	0.0018258007187347154	0.02297055424526279
AH	29	Redmi	AH	0.6736942423755559	0.006920184722826817	0.011411628755121436	0.011753805475578676	0.01871599338750464	0.029357506580842577	0.011846513322782292	0.014213114933401494	0.0889566787610624	0.0017725039413204926	0.007308590185640081	0.002552832864418149	0.023138011613417362	0.0014089811058852267	0.0011147473397398364	0.002197845732652816	0.05759475231507626	0.001736007247565948	0.0014642513882384865	0.0020957787492181094	0.030746029202150048
AH	30	Redmi	AH	0.4397140352962047	0.0116758096471637	0.02286089515889818	0.027383827320140473	0.04687420427493928	0.019470235694657216	0.0049344326157379406	0.0040190644652663525	0.09878818485079699	0.00092234039976276	0.009137959059904392	0.008711741616589766	0.011263423941661068	0.0007796581852489845	0.0004956713099883054	0.0005711905210145574	0.25713608755621203	0.001108303000707318	0.0006758391418783154	0.0020777033990254995	0.03139939254420248
AH	31	Redmi	AH	0.5082744542862507	0.004600478928740583	0.0011827401699559268	0.0015044213247469536	0.0005547221235093292	0.0009458911692671074	0.0006567482113806142	0.0017705454875687067	0.0034677909706201694	0.0016892419324697516	0.000961668986870592	0.037496569145508966	0.00025056757403442415	0.0027393856442735247	0.0006100485919470036	0.00041757346600583903	0.42381561208065405	0.00033502402830838326	0.00033617501071498904	0.00036545117000017695	0.008024889697172358
AH	32	Redmi	AH	0.599643332494647	0.0065206614205403565	0.0015277124572023264	0.0016868591799330682	0.004573277755338829	0.000860984559831461	0.0012687033059663397	0.0020217708713096984	0.0032746108453119015	0.0015525854624749082	0.005069951694045932	0.02614163065180931	0.011191181651276357	0.0013064486645639575	0.0006481783970501504	0.0006501895848396497	0.19029144165355352	0.0009042264596748197	0.0007607338716405334	0.0008932749308616239	0.13921224408812796
AH	37	Redmi	DC	0.012632531297190157	0.012657433639677891	0.010567904155101667	0.05462915708541759	0.014741649993238314	0.05485406046847808	0.013317511075884395	0.022747320134450872	0.03837278472806529	0.025327215507089648	0.3058698440317101	0.028439388600628803	0.04975108134972214	0.05596531874708142	0.021947134429951165	0.07831025076925625	0.014549393163888239	0.028363107718777838	0.027346911897169503	0.08667411633081772	0.042935884876403305
AH	49	Redmi	AH	0.6080362566699499	0.004881055478722203	0.0063601645030781535	0.012138115446247419	0.08297992351949096	0.0052605374603236785	0.003093095174881799	0.004456402907841543	0.01062811945369082	0.0021984111318897187	0.0016930066619178597	0.010368809984793574	0.0018229906699918066	0.0014004657445682359	0.0014199609193038725	0.002163964642115474	0.2313138052636589	0.0017661148143110204	0.0011538866845357345	0.0014624646679598395	0.005402448200727203
AH	51	Redmi	AH	0.6575559725857091	0.008013501665193044	0.018552688254097977	0.015775384470645967	0.02787953541216438	0.02058512780990415	0.010846752383336385	0.004162570967098194	0.032511802897586865	0.0007977797752982566	0.004491337804287628	0.006946858178132614	0.003336063014814551	0.0009933511558009984	0.0005230312802406104	0.0005461453449230329	0.17130016619954286	0.0023709683747860123	0.0004410794894805607	0.0010929433784167828	0.011276939558540025
AH	61	Redmi	SA	0.14075451046508639	0.002632513072564491	0.000889245791293991	0.0018930455334802143	0.0014132393948263794	0.00029186205335393427	0.000213813944630018	0.00041788978547071414	0.0007014563627130451	0.000930272308049169	0.0008083348111870233	0.046409147463736276	0.0009132802500296149	0.0007236042663427112	0.00014117075738016936	0.00010416171675382367	0.7935607941528328	0.0002189251083171984	0.0004957353003389616	0.00040253253527594123	0.006084464926337266
AH	63	Redmi	AH	0.6068797503217572	0.006534569008431649	0.00696922647404374	0.005784876912891704	0.01840999437668411	0.008233931635574485	0.01652268578308702	0.005766331481358258	0.010652642876461072	0.000815435326716752	0.0016412936962395374	0.002837574196837846	0.0008116661700883565	0.0010403965508707918	0.00047801988161237674	0.0007433739999444476	0.2970598683729358	0.0008117466848765127	0.00044356748970641525	0.0007426871384925446	0.006820361621389509
AH	65	Redmi	AH	0.6531042149659204	0.004536542757540636	0.02010268373241923	0.008243009131046376	0.021560253177253717	0.019279672524815956	0.0044045865968574726	0.0027025167944221985	0.04721520499564745	0.0007755182952866971	0.009161892525257408	0.0020358650142673976	0.009945500012836873	0.0005996109510062285	0.0005135315953458018	0.0006845848152263677	0.10043836471245825	0.0008807369979597152	0.0007837332271111292	0.0020856155431326724	0.09094636163418748
AH	66	Redmi	AH	0.8177306230681137	0.0026340570389630593	0.019506750232509074	0.008886682179452467	0.020423390600721982	0.014886820906832713	0.005293424427045207	0.0069618783784141675	0.008300479658048756	0.0012812950418240436	0.006417006536494839	0.0027037621150845714	0.008424400589891372	0.0016841611243004525	0.0010306692018000562	0.002324908864469233	0.045681759231317294	0.0010918180781503727	0.0012364747161715223	0.0019720876731539544	0.02152755033724071
AH	70	Redmi	AH	0.9008501167240832	0.0008952897067721747	0.0009799125924619709	0.009002866008327436	0.002256806122073291	0.00044114170344781387	0.00023370339449289363	0.00040299281824625886	0.0017060632450761521	0.0006307812523210679	0.0005655736918746564	0.0004625000999041872	0.0054732455844786285	0.0005097673661200479	0.00024146597420375055	0.00022448545682122765	0.05741759465095134	0.0002986349414127167	0.0003060884554564693	0.00043402582513339314	0.016666944386341177
AH	74	Redmi	AH	0.6609567001905651	0.004671009731488284	0.0075413928327779725	0.008859955061129958	0.030107558755312378	0.015127667983766418	0.004294391851602336	0.001857295120335162	0.06091147455555176	0.0006970882404475214	0.007086251722619834	0.005828894482301157	0.011174644669958617	0.0005384206918151788	0.00024121140995667765	0.0002671136850464716	0.14582089929773107	0.0006956053952689253	0.000586015377263471	0.0013815426102234555	0.0313548663348383
AH	77	Redmi	SA	0.41142408888946375	0.01326667922520404	0.0038504926111417575	0.007238678580677392	0.05157019848871564	0.0015108724128850767	0.02102626248667549	0.008020405313418888	0.016197879698757297	0.0029299518085009937	0.0016317420526841728	0.016454481377929327	0.0016789767950950427	0.002269511052731468	0.0008175623169837693	0.000781511610376182	0.4267870726020699	0.0015792469791583482	0.0006328182178486057	0.000744070759655014	0.009587496720027606
AH	86	Redmi	AH	0.8510054830703403	0.0009635585257001329	0.006041339148441611	0.005530252658324096	0.005629074504019539	0.005383875180216917	0.0006940634129620455	0.0005295617251209087	0.0380909066714891	0.00043690026245399505	0.0028354782851739953	0.000687946731869708	0.007899279554743417	0.0005012151838642297	0.0003090092623510189	0.00036555100920768885	0.03643684579667826	0.00039054846057898457	0.0004263436588422063	0.0013089664621491527	0.034533800435473036
AH	88	Redmi	AH	0.6794068312709577	0.0037244680827491477	0.00025049196627103626	0.0022812105496463845	0.003067661968716982	0.010265705999021794	0.001632561589493409	0.0007558859130209831	0.01125436292963314	0.00047592827963735995	0.00250054044693194	0.002410362250337647	0.0029228198629594727	0.0003124149556714162	0.00012064148240623548	0.00022112937869783666	0.2546605646989903	0.0003385567803198895	0.0004350831955063239	0.00081167947007214	0.02215109892895876
AH	89	Redmi	AH	0.9552688554725821	0.00011277870984271955	0.00035455217899005954	0.0002668558984336267	0.00012101350371374552	0.0001538846480463586	0.00015393017584730364	0.00010141055004679368	0.0002612893278532376	0.00017016387408332843	0.0008478963828265578	0.00022220944329504828	0.00039347021985782914	0.00013834632874751537	6.312029685358496e-05	6.843127133866755e-05	0.011206001519013135	0.00017648190740881262	0.001015262577622318	0.0014502704299602742	0.02745377528363735
AH	93	Redmi	AH	0.6517756054857529	0.0093958730006496	0.017297801444544153	0.011274651697795963	0.00824119800620862	0.025553573533600934	0.009101288053203824	0.03496955590081735	0.0209693315925827	0.004188087586000871	0.01203505371457653	0.005539827640386211	0.010643322366527937	0.0035958346302420166	0.0027068327259012104	0.00751303069185806	0.091106557460218	0.00347771906465092	0.003651657288249106	0.006917208672105463	0.06004598944412721
AH	95	Redmi	AH	0.5000340726695638	0.007288736158926402	0.030251093166128274	0.016249460578515146	0.031716708547915806	0.02967892494910068	0.006086251315283991	0.004720935116343057	0.08688294567735841	0.001175867105307159	0.014155069301775992	0.0030799936090070536	0.014467487142510536	0.0009697812316490044	0.0007913670422582073	0.0010953327565829964	0.13514886766022766	0.0013246671977737493	0.0011060109188646278	0.002941411172345564	0.1108350166825618
AH	104	Redmi	AH	0.38933285458018746	0.018206361281885405	0.020579294682209686	0.05189384316971788	0.051978153207153245	0.06192487726243961	0.027696925452923245	0.022606573837570313	0.12545421469348672	0.0072467916335477054	0.012432597832857474	0.007505583868137247	0.05238006258830101	0.004155685812801028	0.003528758212791323	0.004984244687395914	0.07752168327275749	0.007312829406100618	0.0036222173413121574	0.004735198822327092	0.04490124835409692
AH	107	Redmi	AH	0.7540610369220114	0.0020519834957897602	0.002804162434206055	0.004226682793992576	0.013496025400429006	0.0037904489227395134	0.0008990173666435293	0.0008301895370619582	0.006831489197543335	0.0007569397200984573	0.005294415526369777	0.004937903177718777	0.012551792107538633	0.0005710419015756307	0.0003541031207616949	0.00039565490010229245	0.14622252975149425	0.0005073424400353574	0.0006334477552061707	0.001532399141135824	0.03725139438754592
AH	113	Redmi	AH	0.673533175317511	0.009027626763530265	0.00877021231607016	0.032769489967256316	0.038534229413111735	0.018716478532231132	0.00932561589434092	0.005921996849239535	0.037954328250749514	0.008718250230714089	0.0028582514851279604	0.005380212296044144	0.003476167486558515	0.04214192982928628	0.0071769811329796115	0.002661540198743625	0.0742755514065356	0.00758236203573581	0.0014621918012157691	0.0018464532763854697	0.007866955516632461
AH	124	Redmi	SA	0.033367107051797296	0.02039953610510682	0.002645967592316096	0.004673141632866919	0.02774471921038499	0.0062050934996226055	0.006790003259737439	0.0049439491576643325	0.0049855297913390766	0.013951016387529535	0.016048472221644145	0.12619665475485625	0.01114730817556927	0.004413664246820136	0.0024232253733566904	0.0029784379224351938	0.555863108179515	0.004120001481837556	0.002506733007313163	0.0028870375818665236	0.1457092933664213
AT_CA	2	Pixel	AT_CA	0.003639602518961569	0.34601554878110086	0.048270030470398725	0.08357967763271298	0.15914849189410635	0.026681991456991166	0.09612689405504425	0.04109103175662433	0.04101735700197908	0.003564348571124705	0.004107383952315241	0.09136393054143438	0.002018103748266163	0.002400587657510028	0.002057755606687508	0.0049040218195094765	0.03405391510740694	0.002608599325065467	0.0018683794239872892	0.0034647784829455776	0.002017570195828124
AT_CA	5	Pixel	AT_CA	0.03762053410355611	0.4694102973472139	0.01028649286482836	0.02376792249201407	0.05187899531880573	0.008433855203822034	0.05058732959713068	0.0230094638384595	0.009280083106849026	0.005417572043615544	0.0027480256271207636	0.14253952682142207	0.0020799748740080995	0.003451055703197606	0.00351873954698711	0.005218244586488298	0.13920167988713358	0.0045049120959657	0.0017706271595626453	0.0020628264537558183	0.003211841328063419
AT_CA	10	Pixel	AT_I2	0.00508188977886068	0.16162323934685285	0.04320961124338608	0.0836581160072137	0.24993147472575986	0.04715216654304513	0.10882207486413602	0.16819039487516912	0.06545436023211644	0.0029120451084384135	0.004343884136659213	0.013403603165440524	0.0023570693449814395	0.01450965508151073	0.003509390601910736	0.004293946299184637	0.013853208473156398	0.003467867810576018	0.0008090205397960896	0.0011351296351180583	0.002281852186687295
AT_CA	11	Pixel	CN	0.024891765292135798	0.06408863531424795	0.008798504845582429	0.012828400738027986	0.018853201209037475	0.007888439391029931	0.00831138385638106	0.023423650061468224	0.013946098559931572	0.2762635031483723	0.0073773698416938795	0.24227230525023558	0.006012837308298964	0.040890565510790386	0.03419285593301029	0.015079047410010829	0.1624173016575225	0.018029683844830627	0.003935291837550576	0.0039555035872382745	0.00654365540260336
AT_CA	12	Pixel	AT_I2	0.005829059809976689	0.1358515861744981	0.0348642600124921	0.046849702464804126	0.5394914411557535	0.026244130000345027	0.05866018654746529	0.04844618645662535	0.05528998247081007	0.0014014242543916148	0.0034689277559312275	0.014454556100538401	0.0013309474340655694	0.0018778146314341402	0.0012352817535258142	0.001843314644081774	0.018681381625940737	0.0010016243458972345	0.0007125484749841707	0.0012752876807796396	0.0011903562056595344
AT_CA	20	Pixel	AT_CA	0.0008146986515367091	0.537798380339636	0.007652673716378223	0.03028278132629083	0.08527046688527427	0.006574243556349207	0.10663212057754727	0.05102020319987989	0.010677392317244067	0.07061389185830713	0.0011716930232887504	0.02404276495717028	0.0007590147845574906	0.012007867238663301	0.004076675251192504	0.0031185514274797866	0.004822384674954607	0.04113287145483935	0.0004268098307515201	0.0005891982766537641	0.0005153166520051147
AT_CA	23	Pixel	SN	0.008940466030607346	0.1038278160345946	0.02756758973049126	0.11970976530978077	0.05797910965645573	0.06531655012629044	0.11735805127465727	0.1098828853871947	0.034837894068241886	0.0561089533407736	0.01974005470751224	0.043278587661465404	0.00994060675963996	0.027261990503122016	0.014196708478489242	0.009784069575317219	0.009360093615523965	0.15117237683459595	0.0032198977177996645	0.0041521055086809295	0.006364427678765703
AT_CA	24	Pixel	AT_CA	0.001163558390459641	0.3265590802237828	0.0183158558102516	0.04472169122220965	0.15903254220201174	0.012612699999037979	0.18755310896447638	0.07744876564834881	0.02080132375847846	0.05973609171717613	0.001942019933619292	0.01936782607073881	0.0011560837341240689	0.012213232768438814	0.003744042952032542	0.003310129828816109	0.0036071540182323787	0.04462755595173137	0.0005737999264942441	0.0007903865134543104	0.0007230503660852868
AT_CA	26	Pixel	AT_I1	0.007163460041836244	0.06772206443387804	0.023088524762226278	0.29230386434736655	0.09239738058987847	0.04297069932271994	0.10663813678646741	0.10871950639625319	0.04576778073264851	0.051371638567438045	0.012019796567652376	0.026550708927925534	0.00784135161176543	0.017018360024010273	0.007515181332558557	0.008872123421658974	0.03047350035877495	0.02696210325956449	0.006785571736690723	0.01246720996577856	0.005351036812906858
AT_CA	42	Pixel	AT_I2	0.007771254223555393	0.2774961430547542	0.017107801163238272	0.06686298120178134	0.36343549156861726	0.02043881974902872	0.046078043465531494	0.03128569191356748	0.03492662923191174	0.01949494222258055	0.004228452181170797	0.05566722434162416	0.005663311726339693	0.0019328770430860575	0.0010620590594923995	0.0013236538396192135	0.03841274068891377	0.0027251404827968563	0.0007481326801382456	0.0010757776800475148	0.002262832482204296
AT_CA	46	Pixel	AT_CA	0.003538677649560822	0.23817559253214948	0.017679913841341374	0.046526314404524954	0.154660699886305	0.01640204335340317	0.14575553561184998	0.18302277663267613	0.02717850189649407	0.005119345367513468	0.0023141839945276443	0.016401587510455822	0.0014275679424213834	0.05170801652926967	0.033698249879306925	0.03136630815636351	0.013254898065818558	0.008017033770316338	0.0010748201503352794	0.0012881109468581193	0.0013898218785087404
AT_CA	51	Pixel	AT_CA	0.0016198385587680155	0.397557996967293	0.015710526566854583	0.05230009223882914	0.20992189748363924	0.017394432266007943	0.07387270336808441	0.12336020812079138	0.05180326323292666	0.0023584074886484245	0.002309069951234923	0.016279805489259898	0.0008953521603285425	0.008008062181549355	0.0054073460777484695	0.009992424182671874	0.006300376403046739	0.0027738642927144386	0.0005404324237094324	0.0007745461099597326	0.0008193544359338831
AT_CA	59	Pixel	AT_I2	0.003670635385258071	0.16791765968978117	0.06037812938189595	0.13242937762314372	0.2216491637632418	0.029943102426325093	0.1337731471535203	0.08930030289112287	0.04849271751393879	0.009517664450838329	0.0033621015546198506	0.02660612627236558	0.002136946859446022	0.0028444397733828515	0.003971316331234115	0.010940613891867554	0.009118017135320667	0.04001749815575481	0.001081740096364329	0.0015206862354029778	0.0013286134151749675
AT_CA	61	Pixel	AT_CA	0.0027411599005778124	0.3479556359163293	0.02118560699076906	0.12494790974057846	0.14737750098439373	0.02759159679756724	0.1480017168698884	0.06851407988571805	0.022455422943254515	0.02360662470883903	0.0029673957459129853	0.0314402197400613	0.0019732144527463027	0.0030902494453905185	0.0020061729764710716	0.0030508917717093965	0.013466407911665463	0.004206587690673803	0.0009490617631149493	0.001217917117523575	0.0012546266468143902
AT_CA	62	Pixel	AT_CA	0.018946487316484968	0.17456224883131827	0.022649908685760774	0.06902514275269642	0.0859072088667335	0.05324742498383735	0.014404421175123128	0.040661734738775886	0.05302002192983997	0.13065901814196015	0.015910172160165218	0.1457328518265808	0.011525851365431883	0.009879543732414219	0.007739504124324612	0.008474540904523629	0.09439787877925149	0.023970823069803335	0.004780579733222661	0.005643607431981125	0.008861029449770646
AT_CA	63	Pixel	AT_CA	0.001425552092420943	0.4476999601302341	0.0065752897765159034	0.06627904799778365	0.027202640235819548	0.01581360315612316	0.11567777146028332	0.04285612416419109	0.008068750717587057	0.08753782439408272	0.0011129455094408434	0.051772830108060955	0.0008566767144411365	0.02333923708523113	0.009262640048383645	0.0052322009099918555	0.00948723027618892	0.07744514108165183	0.0007171384042136425	0.0008602861903653676	0.000777109546988317
AT_CA	68	Pixel	AT_CA	0.0018134817078287269	0.4673376906336905	0.00834575056624189	0.05849571597096852	0.06965782016264842	0.004737598700360663	0.095532766592094	0.06521244394153124	0.014945132332754638	0.07779742407632187	0.0013518255584485386	0.047880426832891634	0.0009772394803188181	0.02896470572820152	0.0068968647777655715	0.004129588019513003	0.013698385381576786	0.029402780015983846	0.000816048022233879	0.0009661012114935842	0.0010402102871323337
AT_CA	69	Pixel	AT_CA	0.0033103119334703286	0.4994161521784002	0.0077098074502827095	0.043462357916996396	0.08536617185791318	0.01256772968060235	0.12846806430923324	0.029980875207920255	0.009365032230436185	0.043500104294671375	0.0010796784300790888	0.08821998546058539	0.0008500726701966911	0.002555862673129443	0.00250395223110923	0.002957015951308342	0.0323953909402725	0.004140661040766155	0.0006692591765746985	0.0007843737973232592	0.0006971405687292592
AT_CA	70	Pixel	AT_CA	0.0012344878276779722	0.3655695110273206	0.014641231058544493	0.05964571150492227	0.20063383840063245	0.015263681064526847	0.10956909924672288	0.06282728193151434	0.026373207776543586	0.05255973744336417	0.0020779049904045776	0.030850615793638504	0.0012535724631130177	0.011594890272847769	0.003477646240476729	0.0031180616974747126	0.007322468737788378	0.03006809442523679	0.0005230945141542507	0.0007437713506817376	0.0006520922324144219
AT_CA	77	Pixel	AT_CA	0.0023224680486340467	0.3410258402852612	0.013067413800749677	0.10384392691542216	0.04336826310108638	0.019449931614826877	0.19872384494275364	0.0878793270266257	0.009265475428437942	0.043887313993867194	0.0017726633291279992	0.03342232199330788	0.0014241384940154574	0.02777659906884592	0.018315871334778962	0.01040928123209995	0.010100178127001218	0.03006298904397803	0.0011715205914971936	0.0013772503168227796	0.001333381310859481
AT_CA	80	Pixel	AT_I2	0.012053833296911821	0.05855278450875631	0.028102750261817213	0.08657942636523266	0.4036439336342974	0.05351271424663668	0.11416600613931226	0.030908973324581535	0.13157383644217832	0.016545090426729355	0.006255683153886116	0.004724579851095722	0.007548315873952393	0.00419948594423834	0.002874738169455378	0.003687992005511615	0.018431429418278425	0.007332414839242828	0.0024906165676769412	0.002628185166242326	0.004187210363966151
AT_CA	81	Pixel	AT_CA	0.007040395168653692	0.3662734161651604	0.014625574136427389	0.08638473168822534	0.1525058764650336	0.01933506490617297	0.09736995592089304	0.03003133353102351	0.014905927799569327	0.038355689924423175	0.0015995827378802257	0.07656509861980786	0.001186409144728242	0.0036925010482707593	0.00350165524769242	0.003379182589700423	0.07352256732413603	0.006607411649125294	0.0009324725256442341	0.0011382172912735996	0.0010469361161580327
AT_CA	87	Pixel	AT_CA	0.002465525400024243	0.4570972304772978	0.00916768547721223	0.059199294590451	0.13408504518303693	0.014831739340476671	0.1298381610046419	0.05887232967409244	0.01893925043192628	0.0228959304146451	0.002788844093428366	0.056249865814393285	0.00207055543696464	0.002870881109323011	0.0021910798840278026	0.0032294271458041843	0.015780808376900157	0.00394866552061938	0.0009914395411885846	0.0012239018138262563	0.0012623392697194303
AT_CA	90	Pixel	AT_I2	0.004618869338225229	0.1118101435152805	0.018378123854819982	0.040064311984988374	0.2816565870154085	0.10924782186990738	0.16590813213793507	0.048410333825381444	0.10695740282633781	0.007455979646793169	0.023316860707026547	0.012994922158637266	0.008239550297351806	0.013954347623507722	0.004459677929771022	0.0061993706304208735	0.0077251725462874	0.012128741990308847	0.004223815048678716	0.007502862568592695	0.004746972484339783
AT_CA	94	Pixel	AT_I2	0.0036554922423292966	0.16704916438733214	0.13037487691775257	0.1879423145465703	0.24881430647810943	0.04539407386849494	0.04667498231370898	0.04545058694550058	0.055019594126477174	0.0033965036649824133	0.011194136309656022	0.014715412886624857	0.007695056637218683	0.001281302744138322	0.0012298238857695995	0.0037752682059866796	0.010530394253007008	0.0031657627484042218	0.002618154515241803	0.007965345337829494	0.0020574469848655243
AT_CA	0	Redmi	AT_CA	0.011977104512966283	0.45947236899363897	0.010199481606005395	0.008096996224320098	0.15446510661834942	0.01254055705395486	0.0797632177258424	0.02666194147673068	0.009104105558493777	0.00966741649630342	0.01117018214857292	0.08345670074028019	0.0059325635366834694	0.0061172468388734046	0.006281214039496282	0.00658396029168546	0.06504700444375484	0.016668361604616835	0.003986565975297265	0.0073205211709766	0.005487382943157418
AT_CA	1	Redmi	AT_I2	0.002457519435299463	0.2205850489175982	0.012312730040067851	0.002243588747171909	0.4073761489312353	0.0013322479195463294	0.09361497053441409	0.15662877004056908	0.024393402575589886	0.004686606071903242	0.00243071598120758	0.016317622203984417	0.0016701002835386159	0.024118157052862136	0.007672378354283692	0.006903224351847276	0.00785742622251965	0.004826676679893716	0.000597221597417664	0.0007059434378352485	0.001269500621214727
