label	time	source	prediction	AH	AT_CA	AT_CH	AT_I1	AT_I2	AT_M	AT_O1	AT_O2	AT_S	CN	DC	DF	DG	ES	GL	HA	SA	SN	SS	TMA	TS
AH	111	Xiaomi	AT_S	0.09643502206710693	0.018170968654188664	0.025829319401709183	0.03131841600544051	0.15200656231183332	0.08468205091204306	0.02209788457362171	0.011421980009619888	0.3728685102980063	0.003365351675577574	0.05033285385819162	0.010633375658422902	0.025052506980728913	0.0025224648278675066	0.001994433712665925	0.0027344530058890488	0.040108167396097516	0.004043665233750817	0.00550154083584361	0.014659566533008562	0.024220906048386285
AH	112	Xiaomi	AH	0.5088756362727561	0.012455487378753733	0.02059389885249312	0.008142408132993226	0.06338563861797754	0.033407487970445834	0.01748524957505228	0.0050525328038241325	0.0793327323870163	0.0015837341183231963	0.01453118337960265	0.0053752101029935365	0.007324255496551489	0.0012206095809921245	0.000800394978032427	0.001159036131557953	0.18304727446331934	0.0015544240231478031	0.0020995065923217378	0.003407932913496036	0.02916536622834896
AH	113	Xiaomi	AH	0.5966509106002219	0.009080524486096551	0.0009047259846708573	0.008281635279072072	0.0059724269828207175	0.010746258304642767	0.003543468463052998	0.0029739411475822835	0.033851049001553044	0.002090240331733058	0.00541708562247287	0.017738258053301915	0.004053606655814202	0.0018800373939582653	0.0006219976614377007	0.0008524194329066823	0.2873558521027998	0.0016581677941536002	0.0009049354918561835	0.0013155490894906788	0.0041069101203624475
AH	114	Xiaomi	AH	0.46767365257359184	0.020612703359043687	0.02080248623770041	0.020668364185592182	0.07329117038258082	0.024873681973149646	0.02194169314345999	0.005183408145165122	0.08391770473176617	0.0024068520040144725	0.007864603046158984	0.01601468525326138	0.005602548292106653	0.0017592851940067772	0.001130042747047625	0.0013206109288300544	0.2066884172046164	0.003674182661519634	0.0017789765204445666	0.002974902098369831	0.009820029317573323
AH	115	Xiaomi	SA	0.30307066927547854	0.018530764707817074	0.013392236238243335	0.019977536259960224	0.04129182104976974	0.009006811355008722	0.03521542122113172	0.004669609443301709	0.022203929742302037	0.002218853025625811	0.002506786238505613	0.022291226808133596	0.0014755946144791585	0.0015147452808288698	0.0009624573579100218	0.0012354618007614801	0.48761922784689926	0.005317667497140767	0.0011873636088372014	0.001542297604426796	0.004769519023438372
AH	116	Xiaomi	AH	0.49557280365428785	0.015543348392690632	0.013828910431968941	0.02332117757722256	0.028828000068690157	0.009500296457078245	0.027709857997623658	0.004732084868900408	0.0196904541595684	0.0023183994912335157	0.0024881436535106665	0.015699423731575877	0.0016576311589805142	0.001676946507010038	0.001068490046178675	0.0013310226232772131	0.32114603930473745	0.0057143585267443835	0.001253162163256261	0.0016164503553999724	0.005302998830065324
AH	117	Xiaomi	AH	0.6965233037790381	0.006582224995480161	0.0175363558594229	0.008734703141825222	0.01836630839996002	0.03251702138342705	0.013669798781665693	0.009820098281418306	0.08462802701101951	0.0014965331050248785	0.00944809182825478	0.0019157056697802714	0.015295331444374023	0.0011880350887296487	0.0009197927841912072	0.0016904264857997007	0.047750427219814845	0.0015552299798848325	0.0021745820966865216	0.003325368948958108	0.024862633715244338
AH	118	Xiaomi	AH	0.5727813749768109	0.0065916522720715015	0.016867229286989954	0.0068988057189656735	0.02008858121027972	0.023120949884456236	0.007736943953241544	0.013416911994552925	0.10532419276478693	0.003285093616649266	0.023306212438836807	0.00447212269439629	0.04462968159950081	0.00261711495787863	0.001818517840986001	0.003097206069115062	0.041678066761070096	0.0023320927696820265	0.0033217549449251144	0.00527471371567812	0.09134078052912593
AH	119	Xiaomi	AH	0.954707968619349	0.0004106373491371174	0.0015459947849057391	0.001037549360529187	0.00090784032151994	0.008841840524340562	0.000703450771516312	0.002085859106645302	0.006900677744091383	0.0005973695853039769	0.002406614146741356	0.0005347237754975046	0.0009196974471149592	0.00037141303435723474	0.0020634405714753754	0.0021551321064540666	0.0023989892447837985	0.002398816818313399	0.0010357794748412006	0.002598124461800421	0.005378080751282023
AH	123	Xiaomi	SA	0.06075116019370509	0.030625125651476206	0.07639023223365962	0.06361940209577668	0.1063019684562715	0.07719923597476283	0.0719764489186113	0.043954972283198356	0.16157398431440378	0.0075306368578454234	0.011028404927325383	0.011521358574196706	0.007736317615905295	0.006731686003692055	0.005969474735503092	0.010931137771649507	0.2135644845327895	0.00807453019784129	0.005255823387954237	0.008115115485595426	0.011148499787836042
AH	124	Xiaomi	AH	0.5768105669087983	0.015673894233520193	0.03127152812274133	0.01824062299165895	0.06563940846556983	0.021573547982666995	0.018431631307405542	0.00417561121748442	0.0958033105625988	0.0021909518902408763	0.0057821145021967005	0.010182112525598825	0.0037611637298725475	0.0016762196774862807	0.0010580506211592408	0.0012126304215444566	0.11067663019036156	0.0038689985426737664	0.0016255678736268036	0.0026123462476186255	0.007733091985175932
AH	125	Xiaomi	AH	0.616639703029394	0.0073621253675773685	0.004306859019199295	0.005714962862681673	0.02776890105916018	0.017905384873874223	0.004145686649712848	0.001770687357871352	0.011017766368755254	0.0021654341417564602	0.0020393766085328104	0.021022877714842184	0.0009598063144255542	0.001219558275350221	0.000941530843700813	0.0008359550114041929	0.2674112200975536	0.003172774386519113	0.0007487169907576885	0.0009823270460359212	0.001868345980895141
AT_CA	469	Xiaomi	AT_CA	0.0017332221430454893	0.35575981126944867	0.008305432227278538	0.0471988378539584	0.07288310309749645	0.011361268035617074	0.14695524405641933	0.06285177782862614	0.013343011209624214	0.05662338882160744	0.002491815979421286	0.045748998315402974	0.0015010898798218702	0.018410372362514422	0.006900567672119908	0.005065900150589916	0.007239988823927283	0.13225676112086537	0.0009699570796232294	0.001218917378991128	0.0011805346936009545
AT_CA	470	Xiaomi	AT_CA	0.00189400219084676	0.3213860381735907	0.0050143568755903764	0.031132118658186603	0.012692696821737992	0.009803623283561585	0.11148841553996798	0.029642155724826796	0.006035643367754748	0.1295761475651754	0.00200919057859237	0.14706544288739587	0.0016540258021665302	0.02294012817608891	0.010580341689965295	0.009524127847848202	0.006687725280961421	0.13625904997759666	0.0014310132707738667	0.0017140707895496074	0.0014696854978227438
AT_CA	471	Xiaomi	AT_CA	0.01167872565042445	0.3985981231138102	0.003808707873852038	0.02391389339418897	0.07211506493851197	0.0287356640322133	0.06662167143310323	0.01857985749699622	0.015824974210255444	0.10301192809284977	0.002796739456448774	0.16455050013229575	0.0026833197071395648	0.0032930565502652933	0.0022708142190167586	0.0023307169346894812	0.06605928596071539	0.0072193370250085015	0.0016292095107183493	0.0018086416265549968	0.0024697686409410756
AT_CA	472	Xiaomi	AT_CA	0.001154010091206795	0.5904997614548889	0.006835796683150425	0.034305014012642444	0.06942247873183245	0.008199535293467503	0.12181186602140634	0.055910638906238035	0.011936350991921411	0.035296823416276414	0.001749671691581118	0.02306231605354399	0.0011694261221902968	0.01228235524813718	0.003917271688437808	0.0033250209198750257	0.0036946823550572543	0.012983873679092303	0.0007148394841824827	0.00090249113540807	0.0008257760194640624
AT_CA	473	Xiaomi	AT_CA	0.0008938770181287742	0.5398185705824247	0.002741997617326275	0.030483586514137986	0.04352548717946692	0.009480865441120994	0.21998057686448166	0.08945425910701618	0.01720243416666941	0.01069690448602851	0.00149234080198753	0.0016058878760404612	0.0012735488895985068	0.008339325329592775	0.003248039894543083	0.004139859907822303	0.0019998419911962896	0.011781381884369415	0.0004990861137568323	0.0006661967730763692	0.0006759315612152942
AT_CA	474	Xiaomi	AT_CA	0.002102933584347824	0.540574211436857	0.0032407049343542004	0.02620063810248159	0.0648568472276973	0.012462056533514463	0.11957016177921978	0.04258097896715499	0.012556061177421326	0.06715592195319799	0.0015716083064815152	0.03352551311345428	0.0013890162844790673	0.009598496793768065	0.0023786015060216215	0.0017867502849968815	0.012355903633922347	0.044115246702624705	0.00046412404692275084	0.0006128421882190139	0.0009013814428622442
AT_CA	475	Xiaomi	AT_CA	0.0013915981797244805	0.3893063006413787	0.007384574392468893	0.05765775853850133	0.11504773566364974	0.016415083378938093	0.17120220575045195	0.04632155515483799	0.01745613990701726	0.04854790454035069	0.001726061940554094	0.030959999824608994	0.001164021294116127	0.014986624088551313	0.0041565163001185046	0.0028352238077687794	0.007899885762337473	0.06303638417749952	0.0007273729260450905	0.0009073309648766971	0.0008697227662038634
AT_CA	476	Xiaomi	AT_CA	0.0014739553059886844	0.2711212234698263	0.013974237275058261	0.12292243434856288	0.13824125730864348	0.04357858048229425	0.18296848621841855	0.091427140997934	0.03874239208247914	0.01576672921080468	0.004273956071483007	0.011608528248121742	0.0029207138189191956	0.011551330378815604	0.0038105334157529577	0.004722988698271802	0.003741308005783242	0.03207470491305878	0.0013728454228895115	0.0024437484306691327	0.0012629058962244713
AT_CA	477	Xiaomi	AT_CA	0.0012990184311060847	0.24728659592704463	0.01916811002439808	0.1685574631272764	0.12286529172661433	0.04771684331795397	0.18758378287327995	0.10029648521724567	0.03320709562051279	0.011889807433751965	0.004106283937712219	0.008706766561835362	0.0028025697778792965	0.006265519142310314	0.003166117988020208	0.004914585280578201	0.003275976105683667	0.021777030611712187	0.0012932939870505093	0.0026861726806016923	0.0011351902274325055
AT_CA	478	Xiaomi	SA	0.02063929215330807	0.2369625861353792	0.004415534080223268	0.008358065713995656	0.006103616347658211	0.004729056337503037	0.03240890246927471	0.05454966266855415	0.009096141826276107	0.07015888214626768	0.003849810527474545	0.06425353587102264	0.0036631874243215168	0.02027456451585872	0.014272365174498088	0.018325803252766847	0.26457778668471915	0.15312479937538723	0.003000592274026019	0.0031690959124558503	0.004066719109029625
AT_CA	482	Xiaomi	DF	0.004866243683281814	0.09613614442906201	0.007759952737501221	0.06338999442361484	0.007378657527183659	0.018554009504564196	0.005705933877236635	0.00964568562823957	0.032648654867768266	0.1375443631678076	0.004300300439932081	0.5688086503127936	0.0027507687848952063	0.00416494192132572	0.0033591011523406125	0.0047192795978898095	0.01139699066170369	0.008317647326756293	0.0029175053654642014	0.003118171646235064	0.002517002944403928
AT_CA	483	Xiaomi	AT_I2	0.015666467515390525	0.17181778514395593	0.011435684792373746	0.024687803294143308	0.418455965920486	0.03459282687878594	0.09451992852108432	0.009671310791856434	0.04680317454783991	0.023986083954033198	0.007378832704777752	0.06462021374384312	0.00545571071204622	0.0030074870077734473	0.0020951623977036493	0.0018893295222097476	0.04778728733282036	0.007890644478179552	0.002126980244964605	0.002701902785224003	0.003409417710508033
AT_CA	484	Xiaomi	AT_O1	0.0043573819301772595	0.24494305251607487	0.006074739648370204	0.018687599809084802	0.16885144429337046	0.029836849896646905	0.2812948667963357	0.023157277944553026	0.045489628990195076	0.059603171112031436	0.003916321092251716	0.042294797589920656	0.0028464575403889182	0.008499031789817727	0.0030163993325701167	0.003395853092553763	0.02163072802257032	0.025588828602207517	0.0019614545125830594	0.0021657146246259994	0.0023884008636702835
AT_CA	485	Xiaomi	AT_CA	0.004930871765027315	0.44318631013967924	0.007895323260977265	0.04985507964276535	0.13071090215839554	0.016010468573203752	0.14684963798305117	0.035621583322650016	0.022880796551843545	0.015291997168136116	0.002894953688695363	0.04534625271171822	0.0020073900322237223	0.002340808837337523	0.0017730936593173302	0.0024914589866833043	0.06264754847948982	0.003647681710071938	0.001033760037644776	0.0012606156121145627	0.0013234656789741224
AT_CA	486	Xiaomi	AT_O1	0.0011683766899561888	0.2772784269405301	0.011876067511026477	0.04693688441605522	0.08861288477657388	0.011937931186023688	0.33185737349340017	0.07040371676649133	0.01769609717408874	0.03883443207887127	0.001388016599622166	0.024200914992726193	0.0008721641085506039	0.015391034501754395	0.003204092058571134	0.002563485171529829	0.007467551304275548	0.04637053924893302	0.0005565794442631057	0.0007001540895245833	0.0006832774472322418
AT_CA	487	Xiaomi	AT_CA	0.001202418499698442	0.2888419560656121	0.03085579860661483	0.07659294245360355	0.12963967410160399	0.02946804145516251	0.26928058834132423	0.08505014696381043	0.022187125208308296	0.012856545860311673	0.004139812171278457	0.009823097485046806	0.0026962981725763987	0.005029740116680975	0.0025101675536936853	0.003500527798822997	0.002610490549598112	0.018831705976957044	0.0012958692055219361	0.002489407085702129	0.001097646328071556
AT_CH	384	Xiaomi	AT_M	0.0020497170470952877	0.022066495464353294	0.02421771569996541	0.13818902780154338	0.06046733009542526	0.5954304334579741	0.027581840422053007	0.02613247935359694	0.05859123840523783	0.0016158124750736507	0.00721660638559415	0.006502753819494791	0.007255928874109496	0.0019955385028998184	0.0011561120651389406	0.0022584673948320678	0.0068465374556220746	0.0015937805691757087	0.0013127849298182278	0.005807763122263427	0.0017116366587340644
AT_CH	385	Xiaomi	AT_M	0.0028289067896777307	0.015868751127203318	0.14044578141240163	0.11693722401982892	0.026883852926528756	0.521664715273485	0.02575889889765685	0.009814501152212638	0.0981303840628842	0.000753014351891696	0.0069245634488409	0.008471841930396774	0.0039744874570643695	0.0006654750143900513	0.0005251583585533333	0.0007587023412409362	0.008057741343159959	0.0008960598575416863	0.0009664320096382083	0.007188049468298644	0.0024854587571038773
AT_CH	386	Xiaomi	AT_CH	0.0015647237962748768	0.023189307671679895	0.3865364733044321	0.15373000069952583	0.03550885783182126	0.2231559135482477	0.017712335287789444	0.011981026107677418	0.10623367213023392	0.002958806978847506	0.00897562188430552	0.001407021757677293	0.010880244070886745	0.0008269921576614456	0.0006988671924323014	0.0007951559132176165	0.0012762444770329279	0.0024296657154520367	0.0010530503873375982	0.006102706012636908	0.0029833130748293667
AT_CH	387	Xiaomi	AT_S	0.052963723296348846	0.010331926842656273	0.18615031122070114	0.07703339813319086	0.039578847874257646	0.05471733719657568	0.014490390480887504	0.017548686455274732	0.46454677116316345	0.002324903212664401	0.011050914531905204	0.0024389520171951735	0.018060622525315945	0.002537803592298103	0.0017522419771137168	0.0020224777716175923	0.0152997598533903	0.0024492105085482676	0.0014663796326709233	0.002877071965896783	0.020358269748327468
AT_CH	388	Xiaomi	AT_CH	0.005132628029389583	0.005882211859944276	0.623134717122019	0.04589943614783143	0.02408952498396048	0.062045925910700475	0.012419805250877691	0.004995243242334106	0.09332372491335114	0.0017938657032341408	0.031287289019345646	0.003061094794410573	0.020184626868550302	0.0010173563031773615	0.0009288445179147592	0.0010008701389234219	0.005443664749992532	0.0018668226400455291	0.005645948529553995	0.045676586030591805	0.005169813243851558
AT_CH	389	Xiaomi	AT_CH	0.00338358684162625	0.00439493302022361	0.6271833283267639	0.046542669579320746	0.022927390470592796	0.07222418096919304	0.008321060822323468	0.0037359525374179637	0.0755793287644921	0.0013829041244958807	0.03980420868270671	0.0021295887928978853	0.03711334883537731	0.0007667616900452471	0.0006748578820298757	0.0007153687323204552	0.003419666567442228	0.0015170912461914933	0.004465933455584176	0.03917252825795388	0.0045453104009999705
AT_CH	390	Xiaomi	AT_CH	0.010291098276190017	0.01691585585878979	0.631199812836053	0.0518047226649717	0.04334779391195605	0.04243629659164846	0.028205976477022023	0.011970049128732327	0.1040711765482267	0.004079969624616835	0.006442335397874889	0.009404414654459979	0.004990401724773895	0.0016070972945102734	0.0014304885650355504	0.002071848074367868	0.01724543429220647	0.0028140329087803125	0.0026763685986333128	0.004488334335062015	0.0025064922360883185
AT_CH	391	Xiaomi	AT_CH	0.039433821584813664	0.03614604280808184	0.4195179357773183	0.07422968801083177	0.1396211112149915	0.039675970657457274	0.029133278264206263	0.007047368167197469	0.11981516006485099	0.003967595217696281	0.008570091748395483	0.013756352910085048	0.01179101125067948	0.0018192823318526337	0.0015656451382725833	0.0015715594757438633	0.035655637337098346	0.004028436956955596	0.0015398307516111365	0.002994882647167686	0.008119297684692944
AT_CH	392	Xiaomi	AT_CH	0.0030737852382822037	0.032805985536601884	0.49523070904093064	0.09134543851948804	0.09669890987578715	0.04468115267982821	0.0900613395997532	0.03640683031551039	0.06559483946378182	0.0020879889736637553	0.008833348894586621	0.0051488931392953486	0.006919823331355053	0.0012112887423907986	0.0012017215417779636	0.0024587485887192467	0.0032978007886121986	0.0027724177453408902	0.002225974238883587	0.006192711395622946	0.0017502923497881386
AT_CH	393	Xiaomi	AT_CH	0.0067175279285272005	0.03757029885564739	0.5471660820279266	0.06793341775460751	0.09306534508921002	0.031172232163164938	0.07080435930913861	0.022800257335664615	0.07934480969606339	0.0040332477860552714	0.0037433776215221102	0.009976506121800566	0.002936361135152495	0.0017596548612514157	0.0018332523338492487	0.0028320086352478092	0.006899517612192158	0.0037471996569882196	0.0015502859765591135	0.0021893423906860754	0.0019249157087450999
AT_CH	394	Xiaomi	AT_CH	0.0012511668106396495	0.006832880822155467	0.7504042169751635	0.07281412346361127	0.020330566323504724	0.03677575354939566	0.02262773933469666	0.009890548974614659	0.022625192376842664	0.0012185621240736108	0.007654710698087506	0.0020443920028428834	0.004053048672816102	0.0007919916754908085	0.0007247348139109339	0.001527375304695251	0.0015382170902797196	0.0015896067208171407	0.005039154424795008	0.029516707973119737	0.0007493098684463202
AT_CH	395	Xiaomi	AT_I2	0.00641129763835715	0.04736698999243683	0.06503455139646899	0.09480670442085531	0.20768354773611492	0.15274254887379993	0.1860430640471162	0.027675424326864727	0.12447326256352495	0.009025567837466015	0.014234957842113032	0.008716648530148734	0.009584987922267531	0.004868646340382537	0.0035234752699242465	0.004197137207625972	0.010010617382944304	0.007040684206686253	0.004692973397903358	0.007149637402796584	0.004717275664202182
AT_CH	396	Xiaomi	AT_CH	0.015288970540115916	0.006629705441627645	0.6748873681721363	0.04340336273757762	0.014861201094283471	0.03225369275882105	0.05607509603027663	0.027622707031322222	0.047782097024498336	0.0023589228214826855	0.025873760004071503	0.007718917824062268	0.015185621302279888	0.0017642479841883931	0.0020094817456741657	0.00295379844638988	0.005769932541381435	0.0024690978197926166	0.0018941029667438904	0.0028380563967191773	0.010359859316554369
AT_CH	400	Xiaomi	DC	0.007556951162506136	0.013111097435392308	0.041392417134476084	0.04929176900092886	0.02372645706238053	0.048858431315240154	0.02752571265773311	0.040013581799418205	0.019778697074577332	0.008696854055353002	0.25583132784562834	0.00930289128032764	0.05807279418311221	0.011571118040181665	0.02695375355031602	0.045348176698563	0.007360213750497685	0.01773951806073477	0.03495839447514961	0.24328148776265443	0.009628355654829541
AT_CH	401	Xiaomi	AT_CH	0.0021207997167461607	0.01823779554690249	0.28204279479863087	0.20889267544585152	0.05741177205961601	0.25814396810967905	0.034602556071406304	0.019891849938764392	0.02224744773174181	0.004694518657566546	0.025698574914199038	0.0033728932453868155	0.015573326391947154	0.0034054040202516735	0.0013826176245944793	0.0018050081303885425	0.0042876729711154955	0.0023818094283560676	0.0037220957296268445	0.028239621492469277	0.0018447979747599583
AT_CH	402	Xiaomi	AT_CH	0.0027980549148366074	0.006306772926261256	0.30357563094544004	0.19292035909184144	0.0194144966212207	0.17529616045259924	0.028080572474406443	0.029705134116660967	0.05636242293117131	0.003957563767465107	0.04513767899384495	0.0027471056864433402	0.017115559693481004	0.00579437461131634	0.004402393778686511	0.00735750441229626	0.0025394684206307442	0.005986183047701116	0.01398132633021976	0.07428040348904298	0.0022408332944342073
AT_CH	403	Xiaomi	AT_M	0.0026846695395217448	0.007050698022220809	0.12669229732252008	0.20040002832515127	0.04430198847363095	0.25317382684392054	0.029190038364380597	0.029095621598380125	0.10757678007573694	0.004108004770880455	0.05938882037675997	0.0025468607306266375	0.02901271178675353	0.005299357784864438	0.0036195659037043565	0.006434159692541565	0.002284933424708472	0.00584485959196696	0.014272957978331328	0.06499136972887996	0.002030449664519287
AT_CH	404	Xiaomi	AT_M	0.004449802548919902	0.00876314881022713	0.17603275676628963	0.048544591133524426	0.04407459086885919	0.2943296655577175	0.014015114403462234	0.0180740013982185	0.2210165314375509	0.002102315811141007	0.055998572253671074	0.003146135300097269	0.04279636187027279	0.0023139171611365667	0.0017942806461443705	0.0027910763635445204	0.004820631877267953	0.0020219107663441292	0.004875842608606959	0.04389943776171058	0.004139314655293477
AT_CH	405	Xiaomi	AT_M	0.0028737907989079894	0.015071240558708395	0.15216756807855855	0.11130035186912422	0.08096423563463336	0.38799495069879203	0.02873580823550977	0.016348338298616157	0.07877144840594003	0.0033754105391777655	0.03342875265947241	0.0035297792905281547	0.028036421743737012	0.002144117870086765	0.001500579935570541	0.0019620371073753714	0.004698198574013217	0.0027128172560425042	0.00420923876115212	0.037923686663849134	0.002251227020204264
AT_CH	406	Xiaomi	AT_S	0.007472743312466973	0.0249387735768547	0.004778523772662043	0.031147394840047186	0.050186765960834386	0.2338549002861463	0.02771720551676079	0.012961026795419533	0.4293129879613401	0.01918509089429467	0.027841787923835744	0.010234253100950103	0.020625680611476828	0.006888471661987667	0.004019320568639562	0.005445154033279822	0.011120893499092746	0.04267864281793942	0.011274149441846978	0.014663750237483262	0.003652483186641016
AT_CH	407	Xiaomi	AT_M	0.0024644001022962685	0.010061322498318499	0.22990315526783706	0.12534399763335147	0.04044767085214966	0.34841673658949635	0.023567601636160316	0.017948788438252525	0.09435286250097069	0.005196846921897315	0.028685422085356994	0.0033465520835535174	0.01822612085985946	0.005545018865358385	0.002056248429646987	0.002403264553592429	0.003671704086901701	0.008953898785906023	0.0031440374075395825	0.024263441756937135	0.0020009086446168564
AT_CH	408	Xiaomi	AT_CH	0.0022007252190547988	0.021075240838091307	0.4310668046329874	0.09451243680702337	0.08129162377266715	0.10689384226791855	0.03833057357195308	0.02550216970852762	0.06982012817127001	0.009354668119509352	0.02857371628428025	0.004812301144740593	0.010933991662631743	0.007257743378571309	0.003684295617730327	0.004408476465523912	0.0035028115982785914	0.011975688058951996	0.005226922160463367	0.0377055494028839	0.0018702911169402143
AT_CH	409	Xiaomi	AT_CH	0.008127394213648562	0.03818470193694626	0.22236427438027292	0.0838584281068045	0.16312523076091978	0.057185964874438194	0.06409150318886978	0.047591733767250045	0.1702534240881581	0.02445570891062513	0.015796410383482024	0.015680281747763005	0.010628966621123085	0.020022219010023865	0.0052506945540813	0.005089351818724176	0.013934592374004661	0.020911898934487534	0.003993481301971073	0.005311542472290187	0.004142196554115101
AT_CH	410	Xiaomi	AT_S	0.00843911227371275	0.023961597012428372	0.0922421689007502	0.1036458880290635	0.11716213589165099	0.02910876595755739	0.014551918647599487	0.01698261532295003	0.3719169781616123	0.035957461233346345	0.006413683310644067	0.00904710243925408	0.014082745416887085	0.0669988084949026	0.011943637633689925	0.010067014100667765	0.013366368660399497	0.04273607841580274	0.0029937557595052463	0.0037765509002728693	0.004605613437303084
AT_I1	331	Xiaomi	AT_I1	0.0016823017420316807	0.00403689959140999	0.03052632454786239	0.33130799301593117	0.010098963476088926	0.1614352540903133	0.032230714064896186	0.188299889322115	0.05252680430948879	0.0011989253325267687	0.027228492363324506	0.0009517181700231197	0.024730846830761953	0.0016903564606144397	0.0025803237351144886	0.10313934146348006	0.0015279168627316492	0.0017114768479402336	0.002386303679797343	0.018737792469509944	0.001971361624037903
AT_I1	332	Xiaomi	AT_I1	0.002761261304762348	0.017447578950667526	0.029553705505870047	0.4239114201880089	0.03273958618832366	0.13934970693398713	0.030205321841267334	0.15577735757697742	0.05798511930301087	0.001660346811106325	0.01592891586750393	0.0019072770320373528	0.025804424143346393	0.0017923527847927402	0.002442855768628876	0.038293908325685196	0.0037264362375104758	0.0020766573973388727	0.0018886621914673348	0.010927979876957929	0.0038191257707489447
AT_I1	333	Xiaomi	AT_I1	0.0012211288658917961	0.01298572500943527	0.029695005383518734	0.3758699041778397	0.07941262737619073	0.22165502560664604	0.06047497577335361	0.09685348311970707	0.0326192186269753	0.002363720732091271	0.022495466150778083	0.0015883432991776083	0.02773767292709698	0.0030452692888786282	0.0024916708453632296	0.010302497552258587	0.0011955498245566317	0.004163225367113368	0.0021071524324852414	0.010739051383924558	0.000983286256717739
AT_I1	334	Xiaomi	AT_M	0.0027605838855411986	0.011009798180515706	0.021465030783381994	0.23605149794767974	0.038611162454833266	0.27247001806757626	0.06325776097474495	0.1686528464357077	0.07892545633211043	0.001278587699144577	0.04580016081586332	0.0014443510132075212	0.031898813253461625	0.0030105309650741547	0.0016315119477008496	0.005265756682391063	0.0018011105142230702	0.0017320946955537598	0.0016609454638842394	0.00881437959848482	0.002457602288918916
AT_I1	335	Xiaomi	AH	0.13380190517862886	0.037101350496358834	0.01828864776970841	0.024487308154308458	0.05058543877669795	0.027268520338512587	0.05077500779454053	0.08040000137751989	0.07276344551151799	0.028881171371403173	0.03816473341899748	0.10727248765074857	0.027005632029648848	0.024823955889454227	0.04025045274277995	0.07385591006883187	0.07362945304369876	0.039165830199552325	0.01305373708615694	0.01605346515722264	0.022371545943712053
AT_I1	339	Xiaomi	AT_I1	0.0012307583319241006	0.005493957405327969	0.0467814105560636	0.46589179615858206	0.006144402664758767	0.22781029623591428	0.034928522577949137	0.08988004713537673	0.01033512696456529	0.0017731888624597052	0.013938974797374378	0.0011309690826037512	0.013601136844068763	0.0014537771245226655	0.001935871465522277	0.03114630485520386	0.0011511478903095537	0.003008893558688233	0.006330005689569075	0.03481668344471855	0.0012167283544972365
AT_I1	340	Xiaomi	AT_I1	0.0008553833887329388	0.04785730662509548	0.012476323481407255	0.2511958546140862	0.06670842868483347	0.15001152510905408	0.16328263010312688	0.23073916936024294	0.030209874930502693	0.002330549523866573	0.007049556190374823	0.0014281911033685952	0.005157395939012473	0.0022536474279060983	0.001883459704737985	0.014323299862217809	0.0009379497226237235	0.003298966213033217	0.001769617091206443	0.005528940902592147	0.0007019300219789341
AT_I1	341	Xiaomi	AT_I1	0.0013338230681648698	0.0539250179394416	0.01711738506443694	0.32680588185659143	0.02492263425924514	0.08393644515165735	0.15481520860868433	0.26920291393843965	0.019712301405738795	0.002884221406818027	0.0018236928576690035	0.0020134605801255525	0.0015538277359690698	0.0031008218896581706	0.005293214670358204	0.019761396336525877	0.0013101986366113576	0.005787254453525324	0.0013653625124656224	0.002511591979405944	0.0008233456484677133
AT_I1	342	Xiaomi	AT_I1	0.002236946607566825	0.17167471895363565	0.01552430214767147	0.20867448442762931	0.16843762503127555	0.05403840802345583	0.1997011005930391	0.09006408945509144	0.03891325317068798	0.004581144642516736	0.006825301467003627	0.006533893629733973	0.0070507896445928045	0.0025857065874073672	0.002201831899414782	0.003724509803878298	0.003939244339692123	0.003957787690027479	0.0022143274870928373	0.005187192638478131	0.001933341760108879
AT_I1	343	Xiaomi	AT_M	0.0009600013155145524	0.01012723178689412	0.02709816965257133	0.3277756139184286	0.05363662477328458	0.36199905243760955	0.05228528269122003	0.07977024787187743	0.048042371865814185	0.0012311839323762932	0.00966465620168689	0.0008638665749300112	0.01373771386805759	0.0019142461715248931	0.0007517219123966716	0.0015890599569697479	0.0006402015630378256	0.001593717839795309	0.0008684961607298377	0.004732959363519192	0.0007175801417611761
AT_I1	344	Xiaomi	AT_I1	0.001744937666362245	0.006434240849435331	0.10036384494348022	0.2758832753538519	0.04380494250281482	0.26620066515018703	0.050918320767642765	0.034634301954667164	0.04972676544750752	0.0032236297303839096	0.04874937195380306	0.001754700844481111	0.02161546879548507	0.004760553088769529	0.0030202568659273674	0.005231372063776924	0.001534822289003002	0.005325317318897331	0.01235091370635699	0.06139234219136458	0.0013299565158024034
AT_I1	345	Xiaomi	AT_I1	0.0015310284349449345	0.047107986479306516	0.03178016440122047	0.3106161579618375	0.0952116144117341	0.26890387234957497	0.09094919156943115	0.05615733735348822	0.060428406055906575	0.002916381135285669	0.0064876626230904386	0.0035623558767339195	0.005455442330897424	0.001680329197720262	0.0013653627854964291	0.0025655440779727224	0.00280144946352576	0.003247173226261899	0.001341505310610873	0.004730524306247055	0.0011605106487139352
AT_I2	441	Xiaomi	AT_S	0.0032987300692157934	0.041395865594116905	0.19218077029095368	0.0706958649376878	0.10126015060507061	0.029160572356498868	0.04255835120398479	0.13966543846657264	0.3087785966010351	0.004611277269582561	0.00955075805948518	0.0031985608478060606	0.008224119237799336	0.004498999939497106	0.004236992221308494	0.014787783574870362	0.0037399317884509414	0.005121303637689681	0.0025939131796666897	0.007201697264727535	0.003240322853980341
AT_I2	442	Xiaomi	AT_I2	0.0033620611256360462	0.06506014905496708	0.051817615703473444	0.03219915740351166	0.34569603236948127	0.019784234499552973	0.09769829858770665	0.09176724839837373	0.25816410749113405	0.0014412799463235726	0.001922554355193716	0.005104804714527419	0.0010519894091219528	0.007370192328835397	0.003109135757689003	0.0036681717526260843	0.006540488923240454	0.0021141872468759208	0.000536810936471711	0.0007231292371570978	0.0008683507581001559
AT_I2	443	Xiaomi	AT_I2	0.008195002376785105	0.1285892882842452	0.006513928241268603	0.04681036601042809	0.3419037166464192	0.03845648940505255	0.08366464626783422	0.08970827254078939	0.1974756074630858	0.0022029675607393657	0.003245360629040947	0.0093679849473907	0.0024714359403542716	0.013051494333834743	0.002615482501064575	0.0028491675382461158	0.01582204884325894	0.0033724130241917297	0.0007094064523362472	0.0009759386145347381	0.001998982379099055
AT_I2	444	Xiaomi	AT_I2	0.00519906499043428	0.1493891175969994	0.03191614450565533	0.07958954147221659	0.25423454892982483	0.024089044735997468	0.23588515047896058	0.04772239049081979	0.08129536933892097	0.011599725415060942	0.0035667163939356464	0.00302654023473559	0.0045794072327473	0.013647278374866748	0.0031247223083546703	0.002359221949356121	0.0067916630974977875	0.036571721985878984	0.0013442623911321958	0.0019015041892142782	0.0021668638873901603
AT_I2	445	Xiaomi	AT_I2	0.002561449424427517	0.07121190499369659	0.02266483693072619	0.024141773221161192	0.5510801185803268	0.017184049006942	0.08494651155564285	0.018316863706161944	0.18215078120548833	0.0011942961825702697	0.0017539420349697592	0.004252700744461606	0.0011009228458762638	0.007680525360140038	0.0011515412779630814	0.0007615389814677583	0.003576242578715488	0.0023362565217479314	0.00039811631113868763	0.0007141664347725715	0.0008214621016031352
AT_I2	446	Xiaomi	AT_I2	0.0024378586552788344	0.12143658783309526	0.011817343846849826	0.06580825312257764	0.31996901619263896	0.03977237376457236	0.11606263331555758	0.1253304322999431	0.1430282219475813	0.002304979759525183	0.002899693306703265	0.006831008184338602	0.0015776802665764332	0.011944988481300666	0.005755847878040143	0.00986471777411488	0.006482364885353174	0.0036317978557439067	0.0007732932530840085	0.0010985666683666815	0.0011723407087582385
AT_I2	447	Xiaomi	AT_I2	0.002012615640119286	0.07461089740986279	0.0371196099571456	0.084686696283669	0.3917103730832366	0.07843863217200057	0.06485420557437667	0.039423105900632624	0.18565212286949237	0.0011949818904855509	0.011509807592834969	0.003032645525048871	0.0065218309668492735	0.004805918209602355	0.0011647148237733333	0.0012926891202524554	0.003237212253817866	0.002429637841342079	0.0007670982577622118	0.003947235644785017	0.0015879689829107703
AT_I2	448	Xiaomi	AT_I2	0.004151474891557552	0.10266089965152901	0.048522999930732634	0.041855128297986786	0.5322533617921921	0.029670061099719	0.06462363128146618	0.019108688947835125	0.12513415751843435	0.001432121568007938	0.002910551112006148	0.006213032414861941	0.0014438559368358716	0.006693349154002585	0.001328213413027517	0.0009386113663626907	0.00643915590963138	0.0021134514604665153	0.0004736377088289894	0.0008717079147339448	0.0011619086297813368
AT_I2	449	Xiaomi	AT_I2	0.00106943670646385	0.15014417741093763	0.02617245842580683	0.12645399609054164	0.3643615862788698	0.048402609057449614	0.08714397446966549	0.07582807250138807	0.06238270225125231	0.009458742544407471	0.004952202563537106	0.005162913065212164	0.004550818638256266	0.005970937618097768	0.0024301161156399767	0.0038065687858518413	0.0034125618097456565	0.013903435439683365	0.0009654108331331227	0.0025197745233003005	0.0009075048707586906
AT_I2	450	Xiaomi	AT_I2	0.0048641842345210845	0.09093808477070787	0.03651939465405849	0.11237472502987922	0.167442664495454	0.09043939374874886	0.15641131108113848	0.15494146113330906	0.09579734936584137	0.003948045858065557	0.005085158757231622	0.007926879406802863	0.003185055435039057	0.014198506470062657	0.013374795264617267	0.013598447662791979	0.013752364998300702	0.007016724580521095	0.002225115448649951	0.0035882609411609792	0.002372076663097411
AT_I2	451	Xiaomi	AT_I2	0.0025469327914374833	0.04916344034326546	0.06832241311986002	0.09356020829390548	0.22969013038936997	0.069389130942682	0.09262051063000418	0.12788454685808448	0.2171051847669213	0.0016831900985219814	0.014731562371607198	0.0028119748715853096	0.006698368532610267	0.003677257752715699	0.0026060284037379925	0.005565118117601843	0.0033596127926755186	0.002275531209080621	0.0012244374815771814	0.0033311635641024642	0.0017532566686536233
AT_I2	452	Xiaomi	AT_I2	0.0014887601192157339	0.13224952002661175	0.032198023833784964	0.12349363270540502	0.29089467254439016	0.054764042593353976	0.11188874504220216	0.09251455662942633	0.10276054911092306	0.007325027928362957	0.008233911309823606	0.004613276854793492	0.006481682996329782	0.0057552999285934376	0.002588515338667775	0.004481714746849705	0.0036486141383604803	0.010029660554300405	0.0010210802216397883	0.002488881802055944	0.001079831574909342
AT_I2	453	Xiaomi	AT_M	0.006399754881857401	0.05310225744317999	0.030982816303715938	0.06692546105222605	0.10998090757528285	0.24752076418825741	0.05616916378165857	0.02823074393650126	0.20655517750749372	0.011485935179954311	0.022033356808057604	0.009235236141709019	0.010302536801329075	0.008252191301863492	0.005001827797723724	0.008667313209071988	0.008357224063950165	0.008890325381740357	0.021282022022591846	0.0739529577563203	0.006672026865514551
AT_I2	454	Xiaomi	AT_S	0.0026402512211065768	0.0139466125110289	0.20102171499612584	0.0558214319075633	0.1421316027276684	0.13653691146516297	0.035162221956546	0.04301132111991702	0.2904112592799517	0.0021892796846304935	0.025332992143362668	0.0024567806060198562	0.008273735753708187	0.003960984773451622	0.002891025813998468	0.00453519893912052	0.0031697345793024532	0.0028398536552370897	0.003803767953798796	0.01819954489587263	0.0016637740164268508
AT_I2	455	Xiaomi	AT_S	0.0024818742261406837	0.03484555414362371	0.1615303026233996	0.05118540414916902	0.23734398512003377	0.05570957162866573	0.07059059009481104	0.0950959471532245	0.24410727108255012	0.0019414705779361465	0.012023169848999945	0.003366137292972282	0.005444606428307075	0.004420315256190601	0.0026752360722936083	0.004565261574486568	0.003357954041798249	0.0027086014861628983	0.001367890972366313	0.003597841425956316	0.0016410148009118558
AT_I2	456	Xiaomi	AT_I2	0.003756390509503329	0.10431810316972077	0.04990444586888445	0.023018578325352756	0.4601232246661712	0.014636531818550645	0.07434518002516839	0.05963047359129589	0.16900040314918996	0.0016013771771310318	0.0017471283795035654	0.00715977682412409	0.0008957838171248462	0.005275794263061303	0.002689294332918749	0.002820302905034745	0.015249406703660316	0.0018033650760043221	0.0005191735370773129	0.0006853659863325285	0.0008198998741895533
AT_I2	457	Xiaomi	AT_CA	0.0022043458446178096	0.3920924630415777	0.012910829562454679	0.03435793650744985	0.2891497323079981	0.009740286125018574	0.06863752308713005	0.03570080501331586	0.04604076081274598	0.029323790777929376	0.0012746154947201958	0.03033435732616052	0.0009264338579629047	0.007095292725240819	0.0031789694547569554	0.002373923642035814	0.019630654156663842	0.013062216328399386	0.0005623183388191484	0.0006917721985676631	0.00071097339643378
AT_I2	462	Xiaomi	AT_I1	0.009021906800048551	0.060550864012598515	0.06504129000354202	0.26392421165969066	0.1225255543319586	0.051193122493884746	0.15095276321493825	0.03388509555774584	0.06818408465837089	0.018621879134899162	0.011966772668469171	0.022681533420859278	0.009407038308331485	0.007155357920189652	0.005722272128954643	0.005752731897531021	0.02677071999652717	0.013996082627749882	0.011389878794321986	0.035844592633273144	0.0054122477361151985
AT_I2	463	Xiaomi	AT_S	0.007605363008417973	0.009067480326187673	0.09568976922254127	0.043875877746251485	0.17335117576781106	0.20784729058275267	0.0455463752566933	0.017292438768331406	0.23223244796310433	0.0023239452558994696	0.064693595832413	0.0028265857653043043	0.027995576059501735	0.003050226813842408	0.0017035243237519986	0.0023466715304266456	0.008763762403004683	0.002199082754285572	0.005699909478291445	0.03222298632115842	0.013665914820028796
AT_I2	464	Xiaomi	AT_I2	0.004302132985556928	0.05800716960624785	0.04463638731245067	0.04459654338165044	0.5693818899024448	0.02327472207759131	0.09374170003754477	0.01091642240892863	0.05302716048535838	0.027572382127975286	0.00515982355183299	0.010608803436026635	0.004026900579743821	0.009115337805052826	0.0027728018407390874	0.0019114196147080446	0.007849022411887376	0.021603873607560903	0.0023526877125592057	0.003264721617145132	0.00187809749699532
AT_I2	465	Xiaomi	AT_I2	0.0011616775564843203	0.09654567810473255	0.0406831626721135	0.06804179321332018	0.34849656375145	0.05043404777942744	0.12163509485172744	0.14257836150095007	0.09777438485140914	0.0011477034930980853	0.0051258748937424705	0.0019346341185679985	0.0028362313326211613	0.004337127587578983	0.002405135075886735	0.006624237252908078	0.002177521584994808	0.0016753650936141933	0.0009021485393477423	0.0024585792131553053	0.0010246775328699841
AT_I2	466	Xiaomi	AT_O1	0.0013737175606256362	0.15996992873697347	0.019166605220907285	0.04204397532588069	0.2169002219287089	0.023292867498506977	0.30878822415019597	0.13153116269757803	0.05557369929348285	0.0017389105663718912	0.0016177348765395636	0.006322074347088793	0.000781975928170382	0.01054650798227876	0.004290464908774314	0.0056847956284264	0.003552162870842474	0.004909076311419757	0.0005120156966100228	0.0006904515555116278	0.0007134269151059576
