label	time	source	prediction	AH	AT_CA	AT_CH	AT_I1	AT_I2	AT_M	AT_O1	AT_O2	AT_S	CN	DC	DF	DG	ES	GL	HA	SA	SN	SS	TMA	TS
AH	8	Pixel	AH	0.8703668001120161	0.0003357698026113253	0.0012584846420868804	0.0013395663403085365	0.0007912055792491826	0.0007649485920640712	0.00040852483739972124	0.0005798941138150581	0.0009398913622251701	0.00022031931549100213	0.001562294320255699	0.0004960214804024694	0.0024138417584641434	0.00016709917597037004	0.00020146836859332283	0.0002697214593189166	0.09471807916129275	0.00024874624912085436	0.000467532590412987	0.0005688108216376395	0.021880979917264065
AH	12	Pixel	AH	0.9746408226273181	0.0005220353171935707	0.0003109623441892011	0.001603059210779217	0.0014157558620683773	0.0007977339403504818	0.0016097987898839583	0.0007216017379837477	0.001852353014079947	0.00036617216097914847	0.00036831304856925853	0.0005027719193379302	0.0006917779391551664	0.00021560357202220454	0.00026886624126674756	0.00041714045083704644	0.010234057951594539	0.001289337406297852	0.0002421430262220312	0.00034262147490338716	0.0015870719649685554
AH	17	Pixel	AH	0.9495262905657477	0.0005891203755970649	0.00041426441317041765	0.0013504066430090167	0.0007116548352584035	0.0006260533407893051	0.0004959741973325829	0.0008231049734464982	0.0011553061507968113	0.00032796081247507493	0.0010125436175985113	0.0005209239558578653	0.0009920090621327042	0.00036009632344340695	0.0005104641648763491	0.0005932895815405503	0.020821578680761153	0.0005366976240325335	0.0003390748242130707	0.0005167504529569682	0.017776435404963056
AH	19	Pixel	AH	0.8949510436510436	0.003579118910955238	0.0016609014218121998	0.004982792435226594	0.002774296210727523	0.00470148986072854	0.0043153527704055715	0.007575333853270794	0.013113298605167011	0.0018165407112823316	0.006901907722507996	0.002154021874365914	0.00715087003569077	0.004416810166922147	0.0012999231210057208	0.0025854010970580736	0.011622936140200869	0.0018912640517762334	0.0017256392656165944	0.0030506380663959474	0.017730420027839706
AH	23	Pixel	SA	0.26827836484935624	0.003047444551745065	0.011133258263652345	0.02872197318957745	0.011380584429949098	0.011180941966227325	0.006378193970502601	0.00804662346857886	0.024492681657071344	0.003584109830976491	0.008850533994107457	0.015208505902472495	0.012395873085666493	0.007676223960580659	0.001976930546183919	0.00460806795632954	0.5303063747141404	0.003747785110017578	0.0033535277322998464	0.005175308315106453	0.030456692505458165
AH	26	Pixel	AH	0.6929641166124267	0.0015345487707960426	0.00029337381593076386	0.0010344162559890989	0.0023451710668166764	0.000764065902486647	0.0006691615210082302	0.0008029517824028832	0.0016572186801133522	0.0011191026725611399	0.000640476734786041	0.0010328098248688728	0.002080360870799991	0.0009439614516040638	0.00043045487739305197	0.0004532180365649613	0.2787085058616474	0.0011473784284711146	0.0003414558448980374	0.00046689488303847067	0.010570356105396554
AH	29	Pixel	AH	0.7991927698294893	0.001787462170877411	0.000738210302692408	0.0014303850225959674	0.0016358483777954692	0.0012522628977743727	0.002368952227017972	0.003228616255462622	0.002133606216317638	0.0009460814974498878	0.002020897649315197	0.005795040670674317	0.0012556588525703932	0.0009742688013951727	0.00037504374908731933	0.0005428260523898933	0.06813448861884018	0.001221094958337329	0.0006682552669782772	0.0007459569852792956	0.10355227359765977
AH	31	Pixel	AH	0.9811347934152846	0.0007122696934574818	0.0008721941294635531	0.0019430825563395455	0.0010639501178508557	0.0006014328862016488	0.0004276886972324654	0.00035034616869624813	0.0010568847333280928	0.0002864123398009628	0.00037061848619558864	0.0011415258104844229	0.00047038030056506335	0.0002828780328065554	0.00021398684954280445	0.0001841749480625257	0.0061174938709738415	0.0004410813428971293	0.00021767115859164262	0.0002503238757663494	0.001860810586458474
AH	33	Pixel	AH	0.7914335432024997	0.0024145409721102054	0.0007267376504555685	0.0016696242873850812	0.0027548329211613313	0.0009577644668900705	0.001101999372407975	0.001985385180399498	0.0024238689711451127	0.0018847538075753652	0.0018416554062981154	0.0029309052083379052	0.0057318302448291945	0.0013044487535177431	0.0007434803393959122	0.0006474879652618734	0.14296456387243112	0.0021583075866066347	0.0006506763785616024	0.0008788941885234164	0.03279469922420632
AH	43	Pixel	AH	0.9379909762676321	0.0011119576690275525	0.0011104762084366694	0.001937217843671398	0.0025759054136834953	0.0008642062229982295	0.0014450372051024118	0.001478332241703433	0.0020454593258773983	0.0008102639504957693	0.0007820497865032544	0.0011036936920483214	0.0008485858995951113	0.0008020137238359683	0.00030501168614477473	0.0003795179591848819	0.037901085972528004	0.0011451387362058569	0.00037366822845868666	0.00042755438672666666	0.004561847580139416
AH	45	Pixel	AH	0.8496718833867629	0.0024728199222758982	0.000600523736954276	0.0020367938932741338	0.001283117085800688	0.0009681877491976422	0.00023132318940881195	0.0002903724251129104	0.002822395421194519	0.00019466449504671629	0.00048558373140972005	0.0003053214729377041	0.0012068936255320954	9.165049146251236e-05	0.00013765762736595778	0.00014865085418260432	0.08997275655021926	8.693978041949346e-05	0.00024166818387381033	0.0003553822006518462	0.046395414176916866
AH	47	Pixel	AH	0.9663673444924532	0.0007341427528300653	0.0007675929109768974	0.0021933180626493424	0.0009851705392719453	0.000463787363514109	0.0005488172842071996	0.0007026333654118874	0.0013749339007230383	0.0002425478331886453	0.0004911057506626854	0.0006151899601974678	0.0006476461488645298	0.00016860855659316836	0.00016818214860980112	0.00021504154918752417	0.019602231817240575	0.0003015924643849767	0.00021133085982074005	0.00026474643165787443	0.0029340358075543383
AH	51	Pixel	AH	0.7084014669359959	0.002983313521966458	0.0013323865495569807	0.0031993599915339024	0.002440440413812632	0.0010039932727019664	0.001410518567168683	0.002050447351025307	0.003417833786190402	0.0020367679615850925	0.001307800997748294	0.006568652952283771	0.001699652569699645	0.00281807371111883	0.0006176392275633034	0.000602544248390056	0.18133362031503936	0.0012560861238172627	0.0005185263422997549	0.0005887891173902673	0.07441208604311224
AH	61	Pixel	AH	0.850162441828629	0.0051057895838146124	0.0011047916255030757	0.011506045868433666	0.006994841390323484	0.002535398929912973	0.0032543563611505694	0.008259418119630617	0.012515643171081375	0.0028625739150821275	0.0030281508244430822	0.0025774886048472068	0.008582483790685231	0.006243756784739675	0.0010326983100835071	0.001975217820581616	0.05746518969545387	0.003095640545329521	0.0007809263082085211	0.0012982302951700941	0.009618916226896722
AH	65	Pixel	AH	0.9678044333810478	0.0007728541444235967	0.0004794599210559515	0.0017772195224654693	0.001125131493414973	0.00024255792083677759	0.00033966997664652783	0.00039017195426494167	0.0014201677017594593	0.00028188559289710246	0.00028906567958641223	0.00034565029372568616	0.0006292933134167833	0.0002967223042135331	0.00016719821228424668	0.0001836728239152683	0.020227113636548662	0.00023442644253239537	0.00016895271216697618	0.0001955787593061518	0.002628774213491434
AH	68	Pixel	AH	0.7866895251168077	0.0038031299472939964	0.0023064243615044497	0.006871566898217468	0.006114124463183497	0.00435462294980985	0.0035609325446890492	0.005644155967469935	0.007226269168269124	0.002811137698126962	0.0041939437258534315	0.007751139505059505	0.006297056060615727	0.0028993992439653627	0.0019142823396947088	0.002092442580529317	0.0709116297527087	0.006107072758712957	0.0015508557654168057	0.002313174979251151	0.06458711417282041
AH	69	Pixel	AH	0.9145210787998141	0.002035581636557597	0.0006494119935144042	0.003978363131567069	0.00182062509518349	0.0009451058543646603	0.0018391608504367417	0.0016314961014304238	0.003476577700855827	0.0007680570439960924	0.0008733626721423566	0.0032723478466312964	0.0010203045253505416	0.0012523841184373889	0.000626764650662785	0.0006350504812130304	0.04139207241326428	0.001182802250927521	0.00035494447433281667	0.0005202651972771879	0.017204243162039664
AH	70	Pixel	AH	0.8685008730460746	0.002388269507285599	0.0006225417230879727	0.0016970640628780468	0.002252827036676174	0.0009084354410096214	0.0014361182708363628	0.00152125949542838	0.0025542891335045793	0.0016274062962565203	0.0008970778944999763	0.002261793524313022	0.001111122666349133	0.004630651284583523	0.0003914967429375884	0.0004854419012943354	0.09160720116992216	0.0016525445297309496	0.0003679111453858392	0.00045043474043260866	0.01263524038751212
AH	79	Pixel	AH	0.8800865115186596	0.0020973779899439845	0.003970808004843999	0.00973705470127958	0.004547711557325703	0.005490763232441832	0.006757616707932298	0.008640663259037883	0.007307820551966513	0.0015584345390970771	0.007738432902120474	0.0017625824661848875	0.004899723422534928	0.002199823092676643	0.0022755055473244966	0.0037918402561367835	0.01471570303950355	0.0041237503090096736	0.001249171249575463	0.0023619314356706053	0.024686774216733584
AH	80	Pixel	AH	0.9162408036454845	0.0013494710538010735	0.0006320225661523491	0.002315155017176696	0.003717594003411187	0.001531166913644377	0.004412597093595246	0.003995010013141823	0.008834644282679853	0.0007515338192897584	0.004193709817542375	0.00046193450146194196	0.03002068083134594	0.0008805497167234755	0.0005182804889589097	0.0014423027174585044	0.005286596271581852	0.0009374482458126979	0.0007067007356613747	0.001267655216053413	0.010504143049021792
AH	84	Pixel	TS	0.39503209476664897	0.004000354795243328	0.002758083622585014	0.00944234855221063	0.016583916966104187	0.005981503532920226	0.004583866862352122	0.005897309889377629	0.012083935023312356	0.0037483997349112325	0.005232406052685009	0.0050986206589011245	0.02137908697000172	0.008360370072699868	0.0020931590461263157	0.0015128939052292808	0.015169426651895862	0.004745451245023929	0.0011246638002750705	0.0015231713233337075	0.47364893652816215
AH	93	Pixel	AH	0.9140789976608601	0.0003268155252019669	0.0004036673877176936	0.0011116290878538737	0.0006660227889655107	0.0004948005862685386	0.0007002822786026149	0.0011134180301883103	0.0011841179686841788	0.0004123442283556732	0.0020845800107689894	0.0004705937226818843	0.004230591421617218	0.00027003034344503276	0.00035963841644318697	0.0004104600299695205	0.01754668055366328	0.0008687676996473673	0.0005079266331648118	0.0006448861546727426	0.052113749471227246
AH	95	Pixel	AH	0.9550087035123396	0.00035222752155949035	0.0012744321773753876	0.0013576522347542692	0.0006115575755992654	0.0004483874272016814	0.00045143036048999246	0.0004419278115524755	0.001241716350889393	0.00020078564452201484	0.0007737836755148677	0.0003902944672022453	0.0017659952307031886	0.0001868873885245176	0.0001764082742002069	0.00022532511637426647	0.0038848199643885394	0.00032284784322071723	0.00026859921425082813	0.0003180263095800674	0.030298191899757274
AH	96	Pixel	AH	0.9528691333545605	0.0005943740026240095	0.0016278811413532458	0.0033314317281770774	0.0031458344513838428	0.0011465901155015648	0.001241120249862279	0.0010512845433766414	0.0038774311046947214	0.0005615336571189089	0.0007830140869227677	0.0008756403243046813	0.001742621707059646	0.0003495906874130726	0.0003099979988594596	0.00039638675416917636	0.014036703811775695	0.0010879446054920911	0.0003438474751575258	0.00040290090302525053	0.01022473729716724
AH	99	Pixel	AH	0.9654502387502342	0.0013553591044847993	0.0006703345952494774	0.001446271694476601	0.0015830595225529121	0.0008036550206204178	0.001276025924541872	0.0009898451277566	0.0022293325845452647	0.0006119326162653089	0.0005754446758492572	0.0013082222144716628	0.0006326223542522114	0.0009620066988304089	0.0002932809612984048	0.0003320545613240276	0.011014185694593776	0.0012354279989644132	0.00026432069255118704	0.0003168428037393942	0.0066495364033974476
AH	100	Pixel	AH	0.9062140523710956	0.002091852320033824	0.0006775384918024673	0.00429901653662633	0.0018287350738683196	0.0009915891145756217	0.0019454048799085173	0.0017960631835759755	0.0036839656255189795	0.0008157118005093759	0.0009345775375674292	0.003983809966649495	0.0010917526363842629	0.0013701899579514987	0.0006837595176343896	0.0007050108000921296	0.04491300618787304	0.001272166584648237	0.0003671843709066858	0.0005373118993173998	0.019797301143460604
AH	106	Pixel	AH	0.8406149288158234	0.007631947543006812	0.004181718201884419	0.009719325224658073	0.007464958668576904	0.006056453970720081	0.006219942909865796	0.02303205026356522	0.013873615213017963	0.003138210331771426	0.007572086405881198	0.0049955922123436	0.01627006363830745	0.002562416239716867	0.0013042892951936381	0.0021938888276325616	0.016127215821382438	0.004191719904202546	0.0014885991314055593	0.0029196327586324916	0.018441344622411152
AH	109	Pixel	AH	0.9774384831694143	0.0006583433357068137	0.0005491917456324374	0.0007988520877623186	0.0007441474616160146	0.0003399500234422731	0.0002472008086341624	0.00037201072047380885	0.0014938666316380936	0.0003153707461167462	0.0006016287936751246	0.0003330593945286004	0.0015000809414320046	0.0002866607983526615	0.00019080642569607734	0.00017559557114496578	0.007129396421026042	0.00024627552900386226	0.00025216234259157767	0.00029352596926745367	0.006033391082844734
AH	111	Pixel	AH	0.969067553953683	0.0004886280394921315	0.00016048177407711385	0.0006750767778413413	0.0003893374314545524	0.00018711008063277136	0.0004363595488180483	0.00037206818996115193	0.0008898015183994969	0.00021673234894734397	0.0004223250359784046	0.00019536199640077478	0.0006947355916219101	0.00024464322155978664	0.00019483660520782734	0.00027238111158464363	0.014175042690692473	0.00021909528436132153	0.00019972318936542122	0.0002576682712939152	0.010241037338626777
AH	120	Pixel	AH	0.7299628850098623	0.005034712240091921	0.001508081791724049	0.00700835996665836	0.007164346138496713	0.002143861197280464	0.0030473680822823207	0.00893514636488224	0.006667496051173529	0.004705180081509974	0.0030216047375971372	0.013638923060293505	0.006546015676310721	0.004190457703097324	0.0016133693577664782	0.0016457821256337115	0.14628239062122197	0.006278466742125928	0.001043410123359835	0.0015437018750293816	0.038018441053602234
AH	122	Pixel	AH	0.35825130936384797	0.005280693594561918	0.0027328950423787094	0.009522721956634311	0.008562194161909389	0.0038985684841868723	0.006165965476920926	0.009796952433452246	0.01185568368436384	0.01347740561722221	0.004141091955157316	0.01728058233635591	0.005989498416976588	0.004597403806912969	0.002151954076158221	0.0026881517617563704	0.21129134607425878	0.008018999280225878	0.0017064104361959858	0.0021575482226620095	0.3104326238178615
AH	9	Redmi	AH	0.8384228315522868	0.003704900606239348	0.006280660039281276	0.0018627770874245116	0.006560132285468659	0.0010982753732001556	0.002883568769444624	0.0025532692968582194	0.009754790165759164	0.0004226704430631829	0.0007086603616861674	0.0026086106208525832	0.0007332133096507588	0.00046136427465313766	0.00043959675979420015	0.0008455319335204964	0.11566050146737292	0.00030331063801879523	0.00045137212929718544	0.000705899871233102	0.0035380630148950853
AH	11	Redmi	SA	0.1730506013272729	0.006301195347208202	0.008215663840925749	0.013828677563546755	0.05649863158969102	0.005074174439127211	0.0013980726809805033	0.0012785594930494058	0.05553020117796694	0.0012128135733987142	0.005054637351303273	0.00790037498105818	0.016892419179745283	0.0006563657237320568	0.0005598383755193722	0.0005944120992046347	0.6307533007270308	0.002115380298256794	0.0007169727483053829	0.0013907193138413042	0.01097698816883626
AH	12	Redmi	AH	0.5671013383063029	0.01084944509483331	0.007254313036601924	0.00668966648668655	0.03256286929749128	0.006113953595189711	0.0057579668614377195	0.003517954424552188	0.020460257318997	0.0018468631847448071	0.006553781627975879	0.008902939411892396	0.020232125196196857	0.0017198702233949485	0.0014660208672022544	0.0018255330844688577	0.1721664087510424	0.0022047948664485	0.0014580515645537886	0.0021143839905058887	0.1192014628094797
AH	16	Redmi	SA	0.24450138355207943	0.000866841321064951	0.010037722051085055	0.008568032541319819	0.002680970877525909	0.002070281495763604	0.0008125885745623353	0.0011834822323057487	0.004744874651389606	0.0002554796705649284	0.0010158149322341103	0.005163817797477747	0.000505769550790988	0.00038531661857086334	0.0003039436077399867	0.0004987802693526986	0.7107587925179082	0.00023288260688395022	0.0005970251033659311	0.0006097786355512991	0.004206421392463214
AH	24	Redmi	SA	0.3501652502062892	0.031106367865350378	0.0037488472390104937	0.006646924088959761	0.06382904618403665	0.0026099733316844575	0.012732192033462535	0.003949372349990637	0.027913681304894262	0.009732909255749529	0.010702801187633369	0.02140093474308689	0.021620480982957907	0.0020851034575322214	0.0012866480762257697	0.0012000910963618292	0.387478523865853	0.0038186212184350282	0.0013336290292968894	0.001621400735623987	0.03501720174756487
AH	29	Redmi	AH	0.851148715658532	0.0030467008070924864	0.01107027790735705	0.005275905186207795	0.00486721122387402	0.008519156558561647	0.004200578859218179	0.0028676266859936606	0.043477731623594196	0.0004347260412012394	0.003618759713797347	0.0009075219824734816	0.009124291976682394	0.0004724574895957737	0.0003890809714781863	0.0008125903894567112	0.006860832571044422	0.0005326392432958119	0.0006086761154090807	0.0007798701567037055	0.04098464883843053
AH	30	Redmi	AH	0.7095303108183997	0.006236443777066584	0.008164704181446108	0.008692948972477113	0.018064239377654917	0.0037938204436550856	0.0009696635985907608	0.0006734046425935343	0.03804646311989444	0.0002841770961410978	0.0039012464125991074	0.0019372744076078642	0.007265815107237821	0.00030136383935941777	0.00021813014073634375	0.0002688338482790226	0.16087645230126804	0.0004173189860328418	0.0003356274643856979	0.0006632842776512115	0.029358477186923228
AH	31	Redmi	SA	0.4464183351000384	0.012682004742545803	0.0009732963131404528	0.002747870650662949	0.001869290104097655	0.0008364738743459234	0.0007367055759976426	0.0014859917476191516	0.002680644877535031	0.0014913458549353981	0.0023723708223749016	0.01905397144349416	0.0007122873707422487	0.0009606397292248516	0.0010678338269819539	0.0006490785030473093	0.49075427602264177	0.0004273666423954163	0.0006252172285504706	0.0010575969679197962	0.01039740260170895
AH	32	Redmi	TS	0.10248795029887207	0.0052323197923171885	0.0012553184238221044	0.0019658988015697518	0.0037765298961743377	0.0005907581442012305	0.0009512992681086194	0.0014237675492516301	0.002213901944846464	0.0016663469296634298	0.003418707715531989	0.019121627481304783	0.018352908794679372	0.0008116333618435765	0.000560695034003886	0.0005035626189563584	0.10391241240655892	0.0008523287437620186	0.000626897230893406	0.0006541874349300231	0.7296209481287093
AH	37	Redmi	DG	0.008625840591055575	0.01073310835721485	0.007676315689408478	0.04745652484874333	0.012037434788247604	0.018479283401949632	0.018824918107049463	0.02333521510998477	0.05999664013749485	0.03924199057841752	0.032054343142660195	0.0856728883901745	0.19609914892843205	0.15176538935452727	0.013813463706536683	0.05110782445077316	0.02058049302573983	0.08502296031949043	0.02331550372362783	0.03692901118545246	0.05723170216302012
AH	49	Redmi	AH	0.838499097380415	0.0017333890307379821	0.0005508615302652017	0.00321438626532876	0.015880738131976546	0.00021972488959897784	0.00017797113687141613	0.00024761481543997125	0.0006759962530346748	0.00032484921355322664	0.00018024380271712954	0.003362118686933029	9.0427417517542e-05	8.713089892512549e-05	0.0002431794909757679	0.00026073301694238697	0.13271684361166536	0.0002234584928079708	0.0003817739703222469	0.00036880025925981475	0.0005606617047118017
AH	51	Redmi	AH	0.9662603802554466	0.0013745560398399706	0.0012156466160383721	0.0025897104342329337	0.0024498262552625377	0.0012159358552595852	0.0013720693510520525	0.00017878227889718413	0.0057389590492644945	7.691806301413242e-05	0.0005299915240506387	0.0009079560660769015	0.0003752922007817733	0.00023522694293925852	8.757857690121633e-05	7.418862865181343e-05	0.013121104009085834	0.00016948860839905596	0.0001828151221359098	0.00024866303346137103	0.0015949110892076437
AH	61	Redmi	SA	0.28972475496299815	0.010171891157614313	0.002867672996183641	0.008425138811929047	0.011358232973190765	0.0013965028280432518	0.001453000328945431	0.0017509130860036708	0.0074332894899864325	0.003322583271138055	0.0028777505537433603	0.10981156146575922	0.003983185568687379	0.0012311241537658428	0.0006960288915854361	0.0006840513845313664	0.5257942511372498	0.0013402502574862047	0.001134583884968068	0.0013534585334341875	0.01318977426275645
AH	63	Redmi	AH	0.9305672248807163	0.001907373024692164	0.001783971858290294	0.0009202123925765999	0.002895579694598448	0.0004534560838902766	0.002581117610470107	0.0007773039001968803	0.0013200036122394245	0.00017698495113067017	0.00027144024889022415	0.0006630950687325202	0.00016980589186234115	0.00019991953130436108	0.00019983609500319146	0.00040848893102600595	0.05273496585984633	9.70364973326282e-05	0.00026248462637487217	0.0003706500517667024	0.0012390491890596357
AH	65	Redmi	AH	0.6045864637224675	0.0017592715480360796	0.007194353133536522	0.003991476706155014	0.0076888836057946615	0.004240755912977143	0.0013921557576521617	0.0008416078542066124	0.015180941934891078	0.00040772324372748315	0.0032973145440119457	0.0009356751888420146	0.003532925361800596	0.0004024526595393749	0.0002974940576154606	0.0004963539101187582	0.029041573555364526	0.0005266303893339842	0.000471884446482489	0.0007724183470742297	0.3129416441203725
AH	66	Redmi	AH	0.9675485755077188	0.00045297141917995603	0.00501234069161332	0.002154546455288415	0.0031983435084438593	0.0007517258806664719	0.0005625214086278536	0.001984471169036609	0.001405189848397075	0.000259140921100438	0.002834453537824539	0.000713614539434378	0.0007982991855275227	0.00031735090387487023	0.00038719815955167916	0.0006763540933337646	0.005889570732538107	0.00014097289079475665	0.0005725322373218111	0.0008032967675506415	0.0035365301421748474
AH	70	Redmi	AH	0.8880933371040051	0.0012776026642820936	0.0009788682288876477	0.003430329153710928	0.0022784199661230234	0.0004502086582131412	0.0004549261264190718	0.0007461057050758556	0.002044336083426357	0.0005357005379947419	0.0014330102745248009	0.0006532473917525626	0.006358561640895311	0.0004645213411718416	0.0003269243309175242	0.0002735710685610814	0.07113478514057726	0.00045671182712991426	0.00041003296886056394	0.0005932033493411141	0.017605596438129964
AH	74	Redmi	AH	0.523725659695598	0.010011340053187018	0.014611240940300207	0.011129583759460496	0.026032179584488422	0.01351186371851858	0.004604022697346596	0.0024876176157910975	0.05176813373998107	0.0017758899813145102	0.00848019188866991	0.006059996608328414	0.017641761480380797	0.0015863538026781464	0.001200996791166428	0.0014002565956896024	0.06684859288920923	0.00212019658854955	0.0015155491658487195	0.00209605694768284	0.23139251545581022
AH	77	Redmi	AH	0.6073621524982177	0.02647869888233782	0.0016984533125351986	0.002291388482402357	0.016652959466512428	0.00037485045527006815	0.007191169399175843	0.0017307820361936513	0.010340193317599307	0.0009326959427594531	0.0008789308301786509	0.005556820413774645	0.0015040227066810366	0.0008147935222041389	0.0003413117754904953	0.00035691810005071214	0.3081069470981512	0.0005423728118545111	0.0003325537264699334	0.00041932254550658383	0.006092662676634622
AH	86	Redmi	AH	0.7855603548718401	0.0003529599022094384	0.0021776441170170578	0.002820726878529989	0.001176416270128088	0.001344376428869185	0.0003912294385793752	0.00022283674594918398	0.006373557673779463	0.0001683729916959333	0.0013552603892560968	0.000158082651053321	0.0018264199029274066	0.0001678284656406256	0.00019396254108191094	0.00027906757694422566	0.011963508063815693	0.00015875917727362415	0.0003098527528068091	0.0005826283528341723	0.18241615480776807
AH	88	Redmi	AH	0.6042830912445913	0.0019460704104235992	0.0005217348350393523	0.001419833027954019	0.006322174630959325	0.002441083229030596	0.0014700996065347167	0.0007028399836374117	0.008999389072712785	0.0004664776418986829	0.0013552755354292317	0.0016881463492537557	0.0025858402280943948	0.00034079433585142475	0.00027827301478942787	0.00045740081888710814	0.21111174188665693	0.0004394165286297605	0.0005754793661056635	0.0007346275538033047	0.15186021069971753
AH	89	Redmi	AH	0.9434378420195574	0.00026822263206633415	0.0014573986601390775	0.0012210810953169056	0.000802620102407897	0.0007097644820904658	0.00063738701386422	0.0006023713646973128	0.0004955473490128533	0.0003038559347977312	0.005006274356034214	0.0008372781147794987	0.0012939726897193554	0.00026461197613344447	0.00032268738894442885	0.00027480547077706575	0.014526920994766395	0.0004138331259639934	0.00086483516863058	0.001438873439654063	0.024819816620646907
AH	93	Redmi	AH	0.8316609118495794	0.0029691750235048883	0.015582143494874412	0.0048870677178466364	0.0036845136216597752	0.005849542877524507	0.0023459339609317583	0.007351836017469694	0.004577124227657881	0.0007097020526338606	0.012762771147672415	0.0026257302469003332	0.0064363448614076614	0.0008547747759651103	0.0009047390055862434	0.0020259156092629427	0.0650117170992274	0.0008451159807564469	0.0014261418822386863	0.0025113366937865983	0.02497746185351376
AH	95	Redmi	AH	0.6251209856869488	0.0018224758986100167	0.010299934721663158	0.004585623089383077	0.007626699686712532	0.005135362716986946	0.0012728186244914308	0.0008070912359715989	0.020440179611360382	0.00034698809567727156	0.004086773755659022	0.0008761297372164098	0.004502235660134421	0.0003395074546297818	0.0002688847174651595	0.0004733964212188584	0.036710316139646065	0.00041011249319643244	0.0004333066131688327	0.0007656379541041932	0.2736755396857556
AH	104	Redmi	AH	0.45744661637943845	0.020988478799114824	0.03496960885864945	0.02736664251485977	0.04775223640550315	0.06716822979987885	0.019838532199185424	0.013983130686948364	0.07217145436143405	0.005285364471539894	0.016199088822347423	0.007260532863999523	0.1054423267254267	0.003918773851229366	0.0032692780427428774	0.004318063608622038	0.029846150460100387	0.006209427200297664	0.003418210937897145	0.004695007151216629	0.04845284585956792
AH	107	Redmi	AH	0.9386144766971372	0.00038532058064335927	0.0006636398989880423	0.0007084599191346538	0.0015750254395312982	0.00016639530837364935	6.806728640794934e-05	8.131161208463761e-05	0.0010655903156457636	8.712290870302633e-05	0.001255742149836344	0.0007190653881691715	0.0025909544268612663	5.6299675517976196e-05	8.526042403750363e-05	6.864073525137211e-05	0.04040474419487262	8.483586503260263e-05	0.0003038554241536577	0.0004013183042561106	0.010613873445362163
AH	113	Redmi	AH	0.7798799791019495	0.005788208656525849	0.004791035011082036	0.016245273989461916	0.018491825526333047	0.010740923901766912	0.0082727330777847	0.0029881122517347956	0.06706771443549717	0.0036577545060588468	0.0018525885176752005	0.0032700685148287097	0.002010355469709154	0.019298305739022355	0.004302359900180209	0.0020069417769808806	0.03694759988889341	0.0036312296329796875	0.0011393078625089573	0.0015305580349793985	0.006087124204047666
AH	124	Redmi	SA	0.02481405621631572	0.002941277488247813	0.0005447282656432938	0.0013450929925496464	0.015239501507204075	0.0014028306523984247	0.00358063616573113	0.0018853850987852615	0.0015112010219756155	0.0039891887431529995	0.005890590544904459	0.020478999975373162	0.004926863375477775	0.0010354872079494384	0.001071287859182772	0.0011769286125364992	0.8693679965444152	0.0017558350035257503	0.0009717594609071279	0.001981619443773657	0.03408873381994938
AT_CA	2	Pixel	AT_CA	0.0015109809741341495	0.7209745676729964	0.04046080308241949	0.028449848081900837	0.06044306000023436	0.01123288139235492	0.010828776564570614	0.012805211624514562	0.021702936034060566	0.0008135987062201554	0.001192864793717119	0.07266712138589682	0.0009231100933924394	0.0006390084773542239	0.0007338056974778515	0.0018010773245032132	0.008637212985826108	0.000830896705339569	0.0008615836894011945	0.001528369174113389	0.0009622855395716277
AT_CA	5	Pixel	DF	0.03483737559606464	0.25615678690827914	0.008976415647877194	0.027363164779877283	0.029797225119708563	0.007184617035902425	0.01955235682068082	0.023496083212766587	0.00989306673066146	0.005701928827641022	0.0038545189703884314	0.39376410087148367	0.003680210571823755	0.0042711752797819635	0.004793726443817233	0.007400992101306652	0.14238322353948918	0.006309980257206848	0.002710305657987172	0.0033136526450042287	0.00455909298225167
AT_CA	10	Pixel	AT_CA	0.002654159167515612	0.2889135079926035	0.027664078387943568	0.11183347758989184	0.18634666664948002	0.022740344388913272	0.0735447274427055	0.18023959562773204	0.0563186718237303	0.0013997788599452031	0.001661857536460978	0.005552907397581275	0.0011988998150899391	0.022352406747497208	0.002237792674742229	0.002973994695164269	0.007859290644948686	0.0018027524878474152	0.0007374635965496267	0.0008764523657195407	0.0010911741079377999
AT_CA	11	Pixel	SA	0.022854783957187447	0.14497713682564545	0.006177257781903483	0.019861606450183224	0.028165468350046408	0.0066468147266676905	0.00695480073853576	0.006495075593591195	0.017975096479838512	0.20018863710000043	0.005739409241640772	0.17888431464881058	0.005843903541316195	0.02498850584553518	0.03256760783202288	0.010695334128013368	0.2509870438316174	0.015571442813010436	0.0035480129777953713	0.004134772825671693	0.006742974310966522
AT_CA	12	Pixel	AT_I2	0.0009930265606785203	0.11517713761330448	0.01941093202925392	0.01794508814175172	0.7752496124099653	0.0043524019347110825	0.0356414068101171	0.0057669459330795475	0.015422347769374544	0.00014928013502360285	0.00030003487165088485	0.001917770339816812	0.0001776922762625871	0.0002851035681158489	0.0001775511296826065	0.00035994414057753904	0.005833772840320351	0.0001350389554137264	0.00020718752989394131	0.0002600379670103468	0.0002376870439962517
AT_CA	20	Pixel	AT_CA	9.009141834509885e-05	0.876879060297356	0.0016636426022234594	0.00794668416349567	0.021743132478808748	0.0003558396921702774	0.027260063830555393	0.010900532036467417	0.0016959624714732574	0.02438832435717733	0.00010387798713041099	0.008072627108850712	9.887248324574419e-05	0.0033389258378954683	0.000582676348393526	0.0004490003009513512	0.0006419946731188807	0.013494242074031017	0.00011808261525538047	8.478907596028735e-05	9.157814709448549e-05
AT_CA	23	Pixel	SN	0.007983722126210416	0.0865609674456904	0.023864783363268985	0.22510988676649002	0.030975490691517598	0.0677094361240052	0.06576612935431479	0.03037099703676248	0.018799231401600933	0.04171304292207244	0.011689183172905624	0.07676802387007713	0.008514054465364108	0.02226424120714037	0.016957705964647282	0.010412084217680263	0.005801692077263728	0.23741891643024157	0.0031855400773196283	0.003818606934178257	0.004316264351249247
AT_CA	24	Pixel	AT_CA	0.00040182679503026497	0.5990529725938017	0.011508074060888258	0.043239561471635685	0.05109449999979099	0.0013905795913494105	0.1988969172088538	0.027698066677175122	0.00599111102130992	0.016725406480921922	0.00043597641663360075	0.007624750089593388	0.0004123087528740922	0.004860540956662602	0.0010609597488224608	0.0010525694962445653	0.0009583217310799157	0.026609227932618988	0.0003273954957109976	0.0003232900674478649	0.0003356434115543452
AT_CA	26	Pixel	AT_CA	0.00211094547696593	0.48124836920622627	0.005189387582181051	0.3048534575028217	0.02808254031170086	0.008924898461431035	0.02902638610605152	0.036468018960783444	0.01561597531991123	0.013856290663371199	0.004037978988508891	0.015098307873007586	0.0038132988513297455	0.0051313529078715735	0.0017753098767489528	0.002757168225321889	0.02338766393167111	0.00862486284247206	0.0016827049304581876	0.007004042419245021	0.001311039561920832
AT_CA	42	Pixel	AT_CA	0.003364953172938054	0.5197587283782155	0.004623502338678098	0.023935452267548826	0.3100887541888044	0.0031605799557500014	0.009096335379125567	0.005317331621545304	0.022460897311748163	0.0029569280848795935	0.0008594554543082298	0.07094494029809788	0.0019065937473349485	0.0005554222001029226	0.0003015360959640289	0.0003732758802453014	0.018417691451279996	0.0007061598054313154	0.0003049043068214735	0.000312735802250642	0.0005538222589298392
AT_CA	46	Pixel	AT_CA	0.0025999773398420363	0.29944138485401717	0.010356267767531737	0.020516160252494288	0.09861830314869308	0.012900488717024894	0.16447696132644546	0.14053113912893053	0.039028375289635944	0.0033014983313253395	0.0020544852306200205	0.006981987854341655	0.0017820795952446543	0.022435549083103936	0.07918010632567982	0.07817789629759186	0.006799477010094688	0.005683764889825018	0.001524378499822267	0.0017744441286548956	0.0018352749290804094
AT_CA	51	Pixel	AT_CA	0.00025844003792317846	0.7166859323385458	0.01134056593648913	0.02534600310123011	0.12347367013373753	0.0027503628897015977	0.026756373075652713	0.05192512648061642	0.02705534290072221	0.0003134576086383251	0.0003179996776403808	0.003920128130647185	0.00018884635466550554	0.0014563607496204175	0.0016154326697340358	0.004470108675648171	0.0012005650049924405	0.00036565423092320594	0.00018762113869571668	0.00017584027564735262	0.0001961685885284107
AT_CA	59	Pixel	AT_O1	0.0035735946063431647	0.16492305396295714	0.13077441798656067	0.1303344896607897	0.14773847012382427	0.015545995751705685	0.18589030852639007	0.05809312452273216	0.05240272832934249	0.006500884195571692	0.0028396438886946836	0.018977703841527218	0.0028231237352640453	0.003785884946992647	0.003933669036713869	0.00746573974038444	0.005790976348537335	0.05209802879984997	0.001956408486554354	0.002315148226247976	0.0022366052830164115
AT_CA	61	Pixel	AT_CA	0.0012015602761475805	0.4564853558548961	0.021017018994972488	0.10112352819756723	0.07484200413219351	0.003999834319399667	0.27822510141438156	0.014829270662809183	0.00427742526873594	0.004390963081828223	0.0010198260152859005	0.01920757331379756	0.0010708894852150313	0.0019747837524872183	0.001014669349626419	0.0015917777147157921	0.009610845691032838	0.002033094181879791	0.0006449652546400119	0.0007073599484554909	0.000732153089933137
AT_CA	62	Pixel	AT_CA	0.006096058126777273	0.6903572239687067	0.004393095510083034	0.02789353986177832	0.02775858939478229	0.013836134416251845	0.0022756051900852327	0.004373712679775982	0.018735125551389877	0.02724976602797776	0.002553951927497759	0.12422673461204739	0.004924649058315495	0.001367172965849923	0.0012125853487883	0.001312819117556653	0.03453780878622577	0.0032529148564116295	0.0008433039641486091	0.0011148311110805275	0.0016843775244696482
AT_CA	63	Pixel	AT_CA	0.00020510806756753876	0.7915496040953319	0.0008403354879370055	0.007453000830520787	0.01223477570659453	0.0014379747821424537	0.087886223995923	0.009723071387804991	0.0012240429071965753	0.022267623373101002	0.00016398060599188112	0.01961768141437443	0.00014529826183671193	0.011124083219602626	0.002201945247398571	0.0010743187866962265	0.001247328972271921	0.02908009653204276	0.00019711212395913426	0.0001660437619480305	0.00016035043975746408
AT_CA	68	Pixel	AT_CA	0.0005052700524045095	0.7999642833373074	0.0031781840249953484	0.03486276508196615	0.016125032258148635	0.0007552659397571798	0.029580930332803602	0.018289413584613248	0.002332819274149759	0.026233306928562124	0.0004008819509741867	0.02302441638296443	0.000402761320175583	0.025244571189920365	0.0019354770456521135	0.0012745540235957894	0.002927930493862746	0.011805571924076894	0.00037723364686642754	0.0003801398883143124	0.00039919131888892185
AT_CA	69	Pixel	AT_CA	0.0005347376795430882	0.617146273432438	0.0012053629551370068	0.016118642289880265	0.21130528242635316	0.0015339999902920206	0.08710593152525423	0.009358085352307588	0.0013041620404036236	0.0073071767507951624	0.0002021559059742076	0.02604534628265907	0.00018840398125239218	0.0008742695505062463	0.0008526485003589355	0.0009407561872174765	0.015850938561814687	0.0014847055722542375	0.00023937303271537089	0.00019721241962693102	0.00020453556321637262
AT_CA	70	Pixel	AT_CA	0.0001830473712871187	0.7241045034852855	0.006407156824086666	0.02861114368332334	0.16683228928302063	0.0009089321008213271	0.02198564833980824	0.010367495258160204	0.0069900964448727995	0.008367411684681483	0.00020399434262576973	0.012865543444418145	0.00019792917111733136	0.0026503593151709806	0.0007108150241336304	0.0005698053844045567	0.0015030687295209267	0.006079125246487477	0.00016582582923342827	0.00014079187615458408	0.0001550171613856147
AT_CA	77	Pixel	AT_CA	0.00046237110417034633	0.4609135485131479	0.0022415700714663437	0.029980814678957714	0.014599768010515211	0.0027222956886095483	0.3743404004927084	0.04980032994246455	0.0021152085096837504	0.009538429785674428	0.00036039385422105547	0.009596636130210653	0.00032766324673509585	0.016219068247162426	0.006786501482263689	0.004866498989546407	0.0016389268365015306	0.01245854695766557	0.0003463653832337117	0.0003416861826266427	0.0003429758924357763
AT_CA	80	Pixel	AT_I2	0.0039882190224108695	0.0457813010578527	0.015113874117739724	0.02280273526099322	0.574737691602398	0.020843942829195775	0.1918827984600159	0.0054349329530925024	0.09692612121325604	0.0019778590347019694	0.002426728501249212	0.0013850304056365749	0.0021142798372090804	0.0009839997464599797	0.0006788179659907448	0.0009057410289350293	0.006917067052345018	0.0017963980016471772	0.0009233687985381115	0.000998525312312121	0.0013805677980201585
AT_CA	81	Pixel	AT_I2	0.0014274258726044698	0.3496931480892816	0.0033114418035040203	0.060899699575297256	0.42082765512516196	0.0035973953203844314	0.05767382774463972	0.007987928458426004	0.003038847081527939	0.008315668124749471	0.0006247669558133753	0.023401541320600433	0.0005798770149478759	0.001871859613884173	0.0017881516849279947	0.0014690087538832789	0.048719102930781195	0.003067850577887539	0.0005642513784201151	0.0005570331506536837	0.0005835194226233273
AT_CA	87	Pixel	AT_CA	0.00032859209739776385	0.7508179245729397	0.004306359644008427	0.023971495488984085	0.07663835959251017	0.000931035169666029	0.08253612157711812	0.007539993089027962	0.002155665760876894	0.0022524279540029565	0.000280586461146501	0.03354346054296355	0.0003968394100026552	0.0007678136761092448	0.0003262253179049723	0.0006141089934266154	0.011185517396070545	0.0007995007116694359	0.00020460466619263369	0.00019506990125081863	0.000208297976731463
AT_CA	90	Pixel	AT_I2	0.0070805197731559156	0.16249075434109048	0.021177072428920068	0.04025956233917929	0.2616624861355611	0.1235017388930576	0.1005334139563844	0.03192028092035262	0.09831789749992982	0.009031275680616081	0.048128507956809244	0.011792875358437297	0.010693320154982453	0.011441649807769393	0.0065194533798045955	0.00983620856258518	0.010337663034075998	0.012747832934876547	0.00526988723404424	0.010388206482986655	0.006869393125380685
AT_CA	94	Pixel	AT_I2	0.0020446043343425144	0.22162005995096126	0.1875905161254777	0.10417190426985913	0.34263032301646834	0.027886437136666185	0.012288031598122733	0.0130839837173417	0.041990194993435107	0.0017454761302455211	0.005202259766644813	0.007701428651622097	0.008488966051968975	0.0010275240851128904	0.0011174130163418183	0.0029000636518199145	0.008220538701519483	0.0022403634458526282	0.0017278047012791718	0.00474139225083451	0.001580714404083814
AT_CA	0	Redmi	AT_CA	0.012379092164968603	0.3972290073072137	0.010052798607211377	0.010926806563263499	0.08969333926372497	0.011017293474677288	0.171593592111575	0.020678799180106167	0.02010714103535624	0.007177934263458848	0.009611664994844293	0.11517370192120542	0.006821291651000424	0.006615026488061891	0.005996126347931662	0.01137614128658717	0.05625861698566788	0.01688920034499615	0.0036472461237791135	0.009438615917860056	0.007316563966510033
