label	time	source	prediction	AH	AT_CA	AT_CH	AT_I1	AT_I2	AT_M	AT_O1	AT_O2	AT_S	CN	DC	DF	DG	ES	GL	HA	SA	SN	SS	TMA	TS
AH	92	Pixel	AH	0.8853581615419833	0.0012373651394341734	0.0007289309588768166	0.0013371222052417512	0.0013185880772600513	0.0008579126922636607	0.0013239933145574238	0.0011829932893561742	0.0022209820635269717	0.0005662457654962631	0.0010892540874544773	0.0014969490649827714	0.0007709778940931945	0.0007420583998523468	0.0003165786998167213	0.00036502559733684237	0.010128356377130186	0.0010168747673764804	0.0004289362463513686	0.0005123582686729041	0.08700033554893648
AH	93	Pixel	AH	0.8056708629558518	0.0014973585259789948	0.0005518831995008412	0.0020141027419655648	0.0016239413475347482	0.001006132181199157	0.0011141560267345964	0.001389325333690665	0.0029981101077634774	0.0008861813539923158	0.0007651707633010214	0.0022216575748693792	0.0013365219540977273	0.0008935229236124337	0.0004809270777710231	0.0005074201958374586	0.1034969660256961	0.0010952287018850782	0.0003073616440202587	0.00037243386557763195	0.06977073549912019
AH	94	Pixel	AH	0.9426047953431255	0.0013369919196648387	0.0011086400782343363	0.002804962168379016	0.001191628728324263	0.0010136650799645302	0.000757071294586378	0.0007641517672126475	0.001432669415847722	0.0006531592832575287	0.0006914239296748657	0.0011984865986443699	0.000604373708820063	0.0008684573881486665	0.00034107812856164335	0.0003646140460192416	0.03750594119081617	0.0006874707372671653	0.00042318278400092806	0.0004927991838686534	0.0031544372255816063
AH	95	Pixel	TS	0.431289641900532	0.003045013641180457	0.001627319419285893	0.005109515029783795	0.006197726396289879	0.002866555688411727	0.0038391755272333015	0.006101991901272375	0.010461055493979727	0.0029122689173581824	0.0025093735886320442	0.006990069137257968	0.005856838301094633	0.0017407943123691344	0.0014204760527638252	0.0017909566821638246	0.03460446532525207	0.004482575017888849	0.0008057474542701176	0.0010377332020417456	0.4653107070109386
AH	96	Pixel	AH	0.9246840766807228	0.0007305076003848888	0.00044414422306829007	0.0013873531602813913	0.0006944940739575727	0.0006015932400569316	0.0006780340383353842	0.0014405009603783347	0.0030844842886450087	0.0005423930341436902	0.0021706618938104635	0.0006711929988369105	0.006968632121241299	0.0005959954316013015	0.0004721498819020159	0.0006899265226442637	0.0021612411944100184	0.0005112338060271938	0.0004895204138410284	0.0009662213157888166	0.050015643119922626
AH	97	Pixel	AH	0.6305842392241501	0.007597632392134684	0.004285474160859401	0.007869817931134773	0.0077187255457734074	0.003851731701111168	0.004971930327167075	0.011752445922162695	0.00633363319538002	0.005118401623628785	0.009987358849044423	0.029828122797789895	0.010143920179292555	0.004556978218448318	0.0018344805170728907	0.0019451714970788825	0.11510709965961197	0.004561577494011581	0.002480375682136235	0.0037058598179533888	0.125765023264058
AH	98	Pixel	SA	0.2405698058223783	0.010648216314317957	0.005079338910375524	0.013514452900950989	0.01517749594964817	0.00788434938565309	0.010103943765954802	0.018673893871278352	0.014431089872331418	0.012435999080738017	0.006659072925989599	0.08484308510466475	0.011106233764032183	0.03922565094379554	0.003681216490154456	0.006174946657754383	0.4255752401977033	0.017339941544211757	0.003073914207988462	0.004254329865704791	0.0495477824243748
AH	99	Pixel	AH	0.875999991579097	0.0007789614446905577	0.00952797210512964	0.008097660766821122	0.0014165076168056233	0.00418898404632667	0.0014703899489260648	0.0026682737972393727	0.009420696749232637	0.0005121271650486641	0.005130751743347902	0.0014464501963966678	0.00992573181115274	0.0005034790755221606	0.0006977686383265551	0.001087592077946564	0.013470051515509758	0.0005453283502484378	0.0009398275412487965	0.0020336896302719483	0.050137764200711164
AH	100	Pixel	AH	0.5471918610800701	0.0020245071816172417	0.0020946092104090464	0.004711663138860712	0.00319159873891391	0.001494832627293187	0.0025727605726217654	0.005563287214966693	0.002854503442061041	0.0008988325625186635	0.005839186290404459	0.008419592988014056	0.003086144359792247	0.0009450545001351955	0.0006486136817242923	0.0007530825290841225	0.015808589515990075	0.0014849947503421577	0.0009739058417057209	0.0017477555094581852	0.3876946242640167
AH	101	Pixel	AH	0.9884231855021877	0.000107036888053368	0.0002805528474760136	0.00033675357968300247	0.00047055356039020437	9.505579399413908e-05	0.0003148900644469276	0.00017993673678090593	0.0006945789779624087	8.691026693524438e-05	0.00034676605359467306	4.1938016960928515e-05	0.0014605637539300488	6.551175060895843e-05	0.00010597765368192145	0.00016280986708036934	0.001513424982412782	0.00010406562137923634	0.0001840419666648847	0.0002335937661300741	0.004791852349645946
AH	102	Pixel	AH	0.9677298135226347	0.0006056683867326608	0.00038406899474268855	0.0030083546737972883	0.0005417238867810969	0.0007055307170818336	0.0013763195318405098	0.001042430184603534	0.0013559494464240908	0.0001878843167169996	0.0009228556181541728	0.0004812531533719224	0.0006940250594466981	0.0003307005585534496	0.0003469773156144308	0.0005870186276559847	0.015480008048959331	0.00039925655031798396	0.00034635749539878096	0.000740268670483655	0.0027335352406871773
AH	103	Pixel	AH	0.7858679075128344	0.0012713458114510065	0.0005863713018800448	0.0031423131642124976	0.0031771688347684277	0.001446485383212668	0.0010810073551151891	0.0010845921575432093	0.0028736128471098556	0.0007771363087615337	0.0009916539658987107	0.0016343310057733646	0.001930395819765651	0.0009213807349480114	0.0006334584024259265	0.0006842118307003775	0.16476591637667923	0.0011353463754779087	0.00046760068973932136	0.0006699598002739654	0.024857804321428773
AH	104	Pixel	AH	0.9789046168940011	0.0010710835199779281	0.0006287948280215075	0.0018029436037763458	0.001098238068038972	0.0008083392493815992	0.0016349588596531537	0.0008895295177137253	0.001847519648556031	0.00042088410008631484	0.0005318683657922128	0.0009188505533993118	0.0005543807630250512	0.0007194229511141865	0.0002520871792946844	0.000445969683613654	0.004929765210725406	0.0010152828112893716	0.00024702013580797124	0.0003374694550508146	0.0009409746016802354
AH	105	Pixel	AH	0.7957206296531988	0.0020378150603867383	0.0006763250981441559	0.002275704769586304	0.002207648898245209	0.0012040582519319862	0.0022524058014427397	0.0025789794365851733	0.0019414665785491836	0.0007995671148819802	0.0020067172884613064	0.011310727752198659	0.001776083613942296	0.000999138522254094	0.000500703514524542	0.0005713534894078313	0.12530577636986195	0.00109869211183144	0.00061808084733805	0.0009563477897512454	0.04316177803747571
AH	106	Pixel	AH	0.6173210613291249	0.0019272922364150322	0.00038469512227845375	0.001324414470247921	0.00158062758247214	0.0007146822552298339	0.0008559665013992082	0.0012811646104890911	0.0025590877394847445	0.0017187384404707719	0.0007424801775574836	0.0022852851781587735	0.002028204217578068	0.001992935607429427	0.0004611482613676604	0.0005307148051923096	0.32609530359871197	0.0009331601159112919	0.0002988850165786286	0.00037101090391570375	0.03459314182998606
AH	107	Pixel	AH	0.8464927357274898	0.003971343394044944	0.0013512079829428513	0.0034029420204975958	0.004382880593096662	0.001886543835184627	0.002094717016768983	0.0051558307818116034	0.0050819953915850445	0.002796295132194905	0.00285690639042707	0.004703187061308352	0.004118058225353017	0.003127617885018013	0.0017414840783752093	0.0020388174057990576	0.047865823686804886	0.004148339818663932	0.0008552054802652909	0.001250148725181986	0.05067791936718686
AT_CA	337	Pixel	AT_O1	0.0005574048319168498	0.3927417573077974	0.0021345932243490777	0.006075143331180193	0.04070658523177812	0.001955051080296564	0.45070277186996843	0.025831593566019027	0.002619210497111512	0.013121101419337774	0.0004568220407475337	0.012237617920237209	0.0004254495362300243	0.022489563169936933	0.0042589916579682426	0.002409128650169887	0.002934421807974972	0.017053979509243	0.0004322233766956994	0.0004225574191364752	0.0004340325519050119
AT_CA	338	Pixel	AT_I2	0.0026180426919693543	0.2455236221769709	0.01794416454854583	0.012672429575238939	0.3186077474466069	0.0060394876578303384	0.013409310869113747	0.014901298214495437	0.01613682577071689	0.014927127181770795	0.00236812494930531	0.04799944223243628	0.00272975278280308	0.003950805021438412	0.0016314116344459595	0.0028138637957690047	0.2677702663750356	0.003917391442686215	0.0012208216143753568	0.0013948941016790754	0.0014231699167664125
AT_CA	339	Pixel	AT_CA	0.0013880035080151723	0.550814679308343	0.005911485015348119	0.025387190288432483	0.28818862209487983	0.009000417114919102	0.017812790005455797	0.023673629048660723	0.03283742473985682	0.0018743656268870228	0.004161901685255144	0.009092330909447603	0.01921762194777415	0.0007038903424993584	0.0005304374847117461	0.0009253476532016578	0.004544715253951465	0.0010359975328174717	0.0006583130101647625	0.0012761027003099393	0.000964734729068687
AT_CA	340	Pixel	AT_I1	0.013535306254879878	0.1705568144171448	0.011928626909854212	0.31870482882418794	0.030330654410659394	0.010764586929135064	0.008608125649150162	0.007867898698409155	0.029171371819657625	0.07583071955394219	0.008803871706993689	0.1609773089380738	0.008365665205327596	0.00888646515219176	0.004235828971836278	0.003981045769481127	0.10688228638235059	0.005712496470056566	0.0034545383270420268	0.004538042992885306	0.006863516616741341
AT_CA	341	Pixel	AT_CA	0.0003067302081881128	0.8510371605527385	0.0011883792684935276	0.017975423417809454	0.039731514192583424	0.00037974957810290444	0.040832694273070444	0.006041127329505764	0.0007602441123513637	0.012821660739080459	0.0001959014291919599	0.021421926913267317	0.0002152674573229898	0.0009483990536443459	0.00032828707161336755	0.0004677612228664358	0.003311501775624284	0.0014472571374189868	0.00020094290998602605	0.0001916238829725478	0.00019644747416745794
AT_CA	342	Pixel	AT_CA	0.0016294049545103957	0.5255437114315438	0.001914156752941962	0.003158948698537424	0.005925338426935525	0.00163945942727897	0.042954391273038614	0.0101468152660217	0.002221993926616979	0.12873212821858845	0.0013890555022307443	0.11441402979548913	0.0013936111582072833	0.043784572055758	0.029103431947077946	0.0074368323612796034	0.0073370130399867915	0.06725408975369222	0.0012677691593530394	0.0013451471889668778	0.0014080996619443421
AT_CA	343	Pixel	AT_CA	0.003666072388626513	0.5450548821743816	0.007577355670106081	0.010520439639294683	0.10558293451518287	0.004676915445504382	0.12143469775508646	0.01211467490829383	0.016804673486601005	0.04255438493819902	0.003935388456983407	0.07862428025671687	0.0037522831811547326	0.004547211947674972	0.0030271877536989047	0.0034452957779587175	0.014797143644645142	0.009855376634105854	0.0024103674163551175	0.002640712065281714	0.002977721944148757
AT_CA	344	Pixel	AT_CA	0.0015456945736279358	0.3964759705656606	0.0019698996850404746	0.005526189130901326	0.0027628239818737626	0.002173731908424453	0.024725582695701395	0.01654098832372565	0.001743797437039319	0.2562719145747215	0.00153602214661644	0.15663563904441252	0.0014468562361591697	0.02416059429223183	0.014313210955072805	0.006730420655935201	0.0034605301304117455	0.07767570618816388	0.0013569559857990559	0.0015607012773389106	0.0013867702111421446
AT_CA	345	Pixel	AT_CA	0.0002458219749930973	0.8575365132252469	0.0009345527175437229	0.019952547107374742	0.019955470677744804	0.000335117451287691	0.04524843118624494	0.0060290986559710545	0.0006015985489579796	0.02905813355547838	0.00017180591421593267	0.013963289261820042	0.00019556365423052457	0.0007744018346625491	0.00030968444255327073	0.000517875119123062	0.0023651895949414765	0.0012788391004920512	0.00017981899121184727	0.00017433187251542022	0.00017191511338998276
AT_CA	346	Pixel	AT_CA	0.0007259395853098818	0.5012257453699376	0.0028616047597553288	0.043144419217566864	0.009796452975997502	0.0010867016047881159	0.21750215816232743	0.08512830938057366	0.002367261893265785	0.042686416661810236	0.0006121065183614753	0.014710659999473403	0.0006292219807645461	0.036400497592902675	0.0030962054339325443	0.002760794773084896	0.0028269619110118747	0.030675523729951595	0.000567405122748103	0.0005935209452575201	0.0006020923811788044
AT_CA	347	Pixel	AT_CA	0.0007528357701248198	0.404206794886779	0.016968651702090894	0.09852041622909477	0.1667259668440553	0.011380268511929881	0.21881265057972502	0.009308144660648235	0.023169167269247653	0.004442869671981441	0.004160598943098934	0.006419949473083502	0.003284175253140974	0.002986759439810845	0.0007110479151662311	0.0008438243786027796	0.0010947750729803358	0.023082237420209494	0.0007157972034978072	0.0016276937938035716	0.0007853749809285117
AT_CH	292	Pixel	AT_O1	0.0043682769160352	0.04620870828057674	0.10782276280366095	0.1847015802008534	0.1494373380504068	0.08665371217947533	0.23898152973254344	0.07853249759363402	0.04229222020727841	0.005742460498165636	0.005123450300301281	0.004641034309998372	0.0044156956853747265	0.009721381311805008	0.004957125158632307	0.008925577029959653	0.003546797804956621	0.005843541305735551	0.002605293852322578	0.002992787336736577	0.002486229441547338
AT_CH	293	Pixel	AT_CH	0.0011086354584634432	0.04717065233655163	0.7632982035623476	0.0613544496517057	0.018765085092753046	0.027331416694676813	0.019869804994114178	0.018223178970734753	0.026241826828035063	0.000910478211706838	0.0021757714772646926	0.0010157372639596485	0.0018750460789051066	0.0013608019814813882	0.0009943586794201034	0.0037424655344433897	0.000651775736069311	0.0016896683006996933	0.0009468304364705422	0.0007827617127408032	0.0004910509974556503
AT_CH	294	Pixel	AT_M	0.0015795480153597346	0.0024467298256127283	0.108376755822813	0.06677360278038319	0.002655620640707349	0.3646177361107137	0.006241215314650965	0.013416516608695698	0.03555755677757422	0.0013717285301976891	0.32208581890588006	0.0011003680362362844	0.051953629163929704	0.0017863513385812239	0.0013178022969679603	0.0015704060051137426	0.0009986861936390743	0.0017837023023162225	0.004261047738514627	0.007854285867341436	0.0022508917247714053
AT_CH	295	Pixel	AT_CH	0.014623428279792936	0.00799549173662338	0.2422443696606294	0.156105056889351	0.048709864871719036	0.043899879982656154	0.016238711329403074	0.01985783099725313	0.13403205534901977	0.00597787446725828	0.1475782890711049	0.0045492335494827325	0.07031487954435038	0.0073576640284196216	0.005503581916220658	0.005696543663771784	0.0046193907526821155	0.018136502129453096	0.0111649745678307	0.029618301151783075	0.005776076061194492
AT_CH	296	Pixel	AT_CH	0.0010814263217069028	0.0009611262879588627	0.7860453795168852	0.014197002133262082	0.003048199782244458	0.10210212016964548	0.002460586250674137	0.020973297314891448	0.04548357202818439	0.00030393960755443534	0.0042864694224908784	0.0004438133112702003	0.0016712656428418096	0.00038200464492455383	0.0007087724529885705	0.009920887951777098	0.0007173076285289576	0.0003496793704939617	0.0013116866381201002	0.002559549084453576	0.0009919144391023645
AT_CH	297	Pixel	ES	0.0055671906611898725	0.023161529283777765	0.11644173800602187	0.18880647239681572	0.09387792412477801	0.06300494431838245	0.0946401948972374	0.03856690851904587	0.06667543960835796	0.008846036770681572	0.007237449360252412	0.00520148432441748	0.005958611097652211	0.20393972278460823	0.007070984560278384	0.005114568771987046	0.004058718129018479	0.05176872939280222	0.0030265260629350798	0.003831455551180275	0.003203371378579538
AT_CH	298	Pixel	AT_CH	0.0003389078306135251	0.017631585445889702	0.8279877355498241	0.08187068681150808	0.019725512156952816	0.016956073606238173	0.003927971776031578	0.0034051566693870327	0.018522266325817556	0.00029613691837284653	0.0018347129681135284	0.001143444691706946	0.0020398906581639213	0.0001455337247367616	0.00017903225062843348	0.0006555730687921187	0.0009891690406667148	0.0004932198599463691	0.0003381699217706052	0.0012436804209500839	0.0002755403038894365
AT_CH	299	Pixel	AT_CH	0.022575563725521955	0.0057548252869669535	0.6974711773118576	0.028247779504311208	0.025824783922193426	0.025863565787036143	0.007959264995385294	0.002952907232211152	0.1482072091204473	0.0010996511285674907	0.005710977725828037	0.002345598750813836	0.0035104751957385247	0.0007937210329740284	0.000768578886468573	0.0008940314684266241	0.011207221390317332	0.0011037574988319407	0.0014467317243523038	0.0014846266849776492	0.0047775516267717375
AT_CH	300	Pixel	AT_CH	0.004147722986422012	0.0021799086540006157	0.8281582295746515	0.031062232064276447	0.008136473776522107	0.011890821260334344	0.009192804104994538	0.004488779411592483	0.09003157639505734	0.000301046348918176	0.0012631630135894077	0.0003297553836701563	0.0046027020651937135	0.00032711407063677295	0.00029886177624394416	0.00032199905422469706	0.0004125483824269865	0.0015142607424181935	0.0003183300099311238	0.00027839814944342607	0.0007432727754523897
AT_CH	301	Pixel	AT_CH	0.0012397166086391756	0.013598743992432532	0.5879163579778272	0.12522081459515466	0.018785056958719914	0.17171033546115433	0.004383503249467512	0.008230766364338673	0.028734007039602577	0.00047721606151075773	0.009904553446108924	0.001893248667601292	0.019977467835471493	0.0003006516290002884	0.0002916164043885232	0.000641417736888567	0.0025416650535344883	0.0005737274876235331	0.000390935972480772	0.0022487542728642216	0.0009394431851898627
AT_CH	302	Pixel	AT_CH	0.006575631797123995	0.014989903975861831	0.3121294945390133	0.04900508203547777	0.020190516547043486	0.11631665078574473	0.010680306006561367	0.011083692995089956	0.15346315297569507	0.005095780495476026	0.05148930825735957	0.008976268666147683	0.015564608113347138	0.005228883957210805	0.0061236431983725656	0.013546845885080538	0.008477543524048357	0.007966151026926984	0.008273921284425655	0.1690287179499655	0.005793895984027951
AT_CH	303	Pixel	AT_I1	0.006090344520781062	0.05879881902864905	0.023740452837073676	0.5579569396218161	0.009143855111957484	0.11638591729048522	0.08182990982369785	0.03407780974574204	0.004054951490998951	0.003613388937746492	0.002120353379414835	0.019410661227397978	0.0010291826759873382	0.004022428119501643	0.004044947211681625	0.009549914148496746	0.057198447893725045	0.0015529709943150527	0.0015945657967963585	0.0019077876091079453	0.0018763525346271086
AT_CH	304	Pixel	AT_I1	0.002443278772763976	0.022922135154802882	0.15301786129464304	0.4512987852696702	0.038474480814877546	0.040889339915249255	0.04653670000030132	0.13023595078190858	0.061435374436122785	0.004263940957042757	0.0029793568908919417	0.0027326532329777164	0.0030850868359047047	0.007119915581700279	0.004578435320554953	0.01204810033901518	0.0029641303450271116	0.007645745049201038	0.0015520221775576677	0.0018734494210763614	0.0019032574087109577
AT_CH	305	Pixel	AT_I1	0.0004220280840479962	0.017344870733181326	0.029180922541774467	0.730154527768021	0.02127944559720305	0.044693859202849025	0.04623266825167115	0.07137804402205228	0.01904706636003918	0.0006893020768977215	0.0020405430405956667	0.0005139732405895556	0.0015442215723867681	0.00110822331871354	0.0009231502535261104	0.0068419709018742335	0.0005925729736009222	0.0040667190507988425	0.0004002915411445662	0.001070749835297348	0.0004748496337357077
AT_I1	268	Pixel	HA	0.0004841391525248138	0.008112911492927236	0.003946876955738416	0.04976093254770188	0.0019502445711602682	0.035318760464724076	0.0024994820127944672	0.09901148870859917	0.001495996242701278	0.0006896780793453375	0.00443821251294363	0.0010665070148957762	0.001039000401678819	0.00064173586340045	0.0014877952783755948	0.7760593723749143	0.0005685514945575863	0.0006412492294449631	0.0013634299506180146	0.008936422654236973	0.00048721299671725403
AT_I1	269	Pixel	HA	0.0006763538484909534	0.009807718385488775	0.007059725833856748	0.019902564855237906	0.0023916561614457646	0.01002343572652826	0.005378639499420656	0.18778066850664532	0.005794832115660528	0.001067016587394727	0.011135721322129359	0.0013315805077845455	0.004642225075761107	0.0011189679918843084	0.004674553120138612	0.7126086700860819	0.0005636872395312163	0.001712353615995952	0.0014995927208656147	0.00965242192264423	0.0011776148770127283
AT_I1	270	Pixel	HA	0.0030809566078374684	0.00389392200994488	0.011696957349186379	0.036977014929513934	0.005637890960223632	0.01810042119288685	0.007362665023738518	0.04356700621567518	0.02223699429558075	0.0022777497715971377	0.03340388787050127	0.0019655187518187664	0.026771415194988782	0.005300043375335098	0.03111367607450032	0.6799591481003922	0.0023732478395492355	0.004439908350193033	0.007151836530657904	0.04451103297756444	0.00817870657831383
AT_I1	271	Pixel	AT_O2	0.0065216760513466645	0.03192296607407883	0.021860982783831792	0.06118533438895102	0.019070515767916758	0.028994166143867146	0.0283491038764492	0.31940107628871034	0.03456585917582277	0.00660953017738529	0.01619911842229616	0.006109204106262085	0.016868326615317817	0.0066114029693871415	0.017129249426119725	0.2903312870777597	0.006230041281280841	0.008520612772882805	0.013259719385490254	0.05177510727409611	0.008484719940747572
AT_I1	272	Pixel	DC	0.003896808560695875	0.04538750962471788	0.010829582180944099	0.16393670677318528	0.007705240580200742	0.051713686920864685	0.009340805654854878	0.06096490399775538	0.007039442650546387	0.004412557603953614	0.33897646561533196	0.010327677038411125	0.015450358458928544	0.008368209308366906	0.012152813289897578	0.0704953507634133	0.005634543441833581	0.00391455477131085	0.016617132876763273	0.14481293678908427	0.008022713098939262
AT_I1	273	Pixel	TMA	0.005045615770141326	0.008573845951322838	0.03833457886458668	0.23363742932512896	0.008517228307907987	0.09372436885358065	0.006992486645610628	0.024833651999906278	0.020642894291897522	0.004357128185774056	0.0456004489535542	0.005001452466310066	0.01571266243442023	0.005407999711936131	0.007922551608948088	0.08461344251366061	0.005479274547694602	0.004599416296462087	0.018258125396169184	0.35464080277363175	0.008104595101355928
AT_I1	274	Pixel	AT_I1	0.005844057712404059	0.008354976598155258	0.02022298720516777	0.2590033386818519	0.008970824660898937	0.1390122073475309	0.018933789185547882	0.04739820469635923	0.011557252795033016	0.003424539866207149	0.0173130814668714	0.003756019800595321	0.00566687878652108	0.004472716712231572	0.010435064149504134	0.24208775728784995	0.006063297858602096	0.006293086924199731	0.02882448162759995	0.14600346133988792	0.006361975296980158
AT_I1	275	Pixel	AT_CH	0.005343987751739125	0.019925739093029842	0.25476521167552013	0.1531514606670607	0.0661228863987892	0.10617799583452915	0.012297956792651287	0.008035702755876895	0.06650112171366493	0.006664603214595308	0.1136741286523897	0.0056544583556379716	0.05357920205657627	0.007787108180731633	0.004899583142141989	0.005242935548449971	0.004832093432988896	0.012903631161997392	0.005528221685368673	0.08132549454554877	0.005586477340712586
AT_I1	276	Pixel	AT_I1	0.0028873341735602192	0.014444813505918253	0.14531757314184532	0.4424686978933515	0.009997962734743168	0.25214825683813175	0.009262938855065708	0.038882655959231814	0.0587557136643217	0.0011256471332547736	0.0032820211909702995	0.0019014781064101269	0.0022989114008603382	0.0016406193491432777	0.00155249813684391	0.0056803261679301215	0.0016824445159149392	0.0016595951457676363	0.0013344087151496457	0.0022420751619610145	0.0014340282096247695
AT_I1	277	Pixel	AT_M	0.00017745291669422588	0.00010138613193880256	0.005201791088258302	0.006503605627054905	0.00018328794063259647	0.9758782024327012	0.001191662227170027	0.0014270633254437027	0.002195944278153682	5.2282141474766376e-05	0.005394455883723447	9.955157986318748e-05	0.0002737385104488675	9.960156781736028e-05	0.00017865940306286145	8.59923793321059e-05	2.993319011856165e-05	9.215477335900867e-05	0.00037160154820388246	0.0002984354472601341	0.0001631976072870875
AT_I1	278	Pixel	AT_M	0.002620944841053474	0.04990351013981631	0.01914334027768488	0.1742541704035718	0.005942293507819518	0.37556708468167976	0.01956565951324759	0.2541772278333856	0.05123477767635349	0.0024164596206135056	0.002922678548143533	0.00398083949935224	0.0020447169186215753	0.005612434946646264	0.005528907050208857	0.014941356454995114	0.0016609382312350598	0.0030023399400941233	0.0013651421536315664	0.002685909302516841	0.0014292684593293216
AT_I1	279	Pixel	TMA	0.0022067807774038234	0.004191490281738714	0.04460705322876214	0.1485003802223909	0.008878506772767587	0.2747586235480691	0.007885522580127797	0.04184248976880526	0.04342949251412184	0.0018338662865820244	0.0385445658720891	0.0018583706505605254	0.011547293257435951	0.0023778345187305595	0.0027816225672080415	0.01543083838436162	0.0019449816734572827	0.0022236926034004604	0.008161411444689915	0.33460654514433164	0.002388637902966547
AT_I2	317	Pixel	AT_S	0.03307212657686851	0.006104132595203462	0.1028380641664201	0.01936023058157222	0.04862235254544838	0.019472892291001027	0.006349060904675109	0.0010794623903208874	0.7426394597649432	0.0004982487308160446	0.001640875141164767	0.0026764099900587887	0.0037877760341776937	0.000641950641762564	0.0004322541423007486	0.0004823373705501603	0.00534795381898549	0.0011496850084644719	0.00038031195509817035	0.0005762173761843928	0.002848197973983043
AT_I2	318	Pixel	AT_CH	0.00010320275591061235	0.002056923807396745	0.8623759761473148	0.004180978735873038	0.001319319129254132	0.05015476536910445	0.0007282612284224745	0.004027152874803026	0.06595501615124777	0.00011341467136396524	0.004758111561385071	0.00024809049117683295	0.00040688329274504134	9.513935874997307e-05	0.0002639534795453745	0.0018886532716037325	0.000135902700045173	7.69559026837081e-05	0.0003134584483306977	0.0006642700540670868	0.00013357056897635075
AT_I2	319	Pixel	AT_I2	0.011216809099058485	0.13244171545061204	0.25802705980171126	0.027035157240894718	0.2731877693382456	0.015355526433589223	0.00861909150442558	0.008178764144288543	0.21330583269054496	0.0017704044317408932	0.003231988749161511	0.013682070621156218	0.00310280233158271	0.0017891700732571472	0.001728782903005494	0.0031406559452478023	0.014999050367360763	0.0021278888874668826	0.0016171556197527744	0.002513670231294216	0.0029286341356032385
AT_I2	320	Pixel	AT_S	0.002467541492232148	0.1466243666803046	0.12174724774438297	0.02137229519480325	0.18163009821869952	0.024029414330193424	0.01805115449976112	0.024063294726846936	0.39990000195216546	0.002785767425111849	0.0022643196490195827	0.026568450353369556	0.0017875922549872674	0.0023883934261527957	0.0033381835352364	0.007158984041799574	0.0055565460428925375	0.0030203972089425826	0.0014932099136625077	0.002057318061265547	0.0016954232481708777
AT_I2	321	Pixel	AT_I2	0.0017523785423524637	0.04478909058450323	0.01500664018094843	0.008219904629048598	0.45519632340034577	0.005363642253151321	0.006067971850255403	0.016418500077014793	0.4258293696209585	0.0003386313038080914	0.00031696429527825517	0.0013947743177427211	0.0002174646350700453	0.006997145627416068	0.00041680397454796076	0.0006782597988763278	0.010193845595900232	0.00028143434652437886	0.00012271053593969653	0.00013171684646135447	0.00026642758385588575
AT_I2	322	Pixel	AT_I2	0.012774709499223358	0.2580125293181127	0.0252742089604356	0.020273592295688196	0.4407815354698867	0.006897113994766884	0.024374580502969423	0.015234138871397823	0.08769089129080701	0.0007678492354762919	0.0017040999965647465	0.047921204270072425	0.0015931766637790501	0.0011893927098879137	0.0008137893806715303	0.0018713554436405027	0.04764287040987704	0.0015881895010767112	0.0006029236554976163	0.000832804562714409	0.0021590439674544254
AT_I2	323	Pixel	AT_I2	0.014415078623108911	0.27903122231130006	0.015742062549547395	0.026489651616587524	0.36639548286923224	0.01186641803257079	0.03752678648531046	0.02338059837141116	0.0555711539581058	0.0011558211523062108	0.002168109328861229	0.09508297877270776	0.002039674592261922	0.001998681465990345	0.0013120955081703325	0.0026552577471551726	0.05577322902739168	0.0030454871324094857	0.0008810461604397618	0.0012028065587046494	0.002266357736427644
AT_I2	324	Pixel	AT_S	0.087709333115038	0.008198070888388536	0.05756693460432895	0.02220347588743902	0.07606566925390641	0.0204633907201437	0.0073661382424943175	0.008180011982537955	0.3923102807088625	0.002454518318583411	0.00418014224673758	0.00661403606336609	0.005710096775021937	0.004155650459527911	0.0037324803726799206	0.006036553671354354	0.2709830439868767	0.0037301346016141647	0.001626732031816363	0.002431732187784831	0.00828157388149746
AT_I2	325	Pixel	AT_CA	0.005292042321367238	0.39172722085125267	0.016984398578304253	0.019326134036236575	0.13456445830472133	0.05182862399845907	0.1072553512729488	0.0917066815336757	0.06421394623940883	0.0033937088034447314	0.0025934965896819502	0.040034751682629585	0.002169326104980481	0.0038024845948608694	0.013484659277843793	0.028893612902266712	0.008363403794943505	0.0075271199976604496	0.001957176818987186	0.002575954822904541	0.0023054474734219388
AT_I2	326	Pixel	AT_I2	0.0013474659313617687	0.12885014797136188	0.046009059402595205	0.057246489643189624	0.3647971716632848	0.02996897793090628	0.06604881650445041	0.12352772454955879	0.15171204092044824	0.0008976745351621227	0.005074357724481292	0.001715753847935485	0.003122310030187465	0.007264198768722709	0.0011121465890635398	0.0023507719043931456	0.004409904848868655	0.001305048913830619	0.000678357638192251	0.0014770996234041397	0.0010844810586019187
AT_I2	327	Pixel	AT_I2	0.00024287811650775703	0.10788442233126433	0.046290689564663035	0.04364913624160137	0.6409186134598535	0.0032858398622193025	0.0143966044235024	0.032785568362088395	0.10075501350967069	0.0003128828037653204	0.000382548975052415	0.0006324631780740659	0.00019424078639067126	0.0026295934723478444	0.0014215399946374194	0.002514806240741761	0.0007175763297354454	0.0004007362456399853	0.00017652927132146524	0.00020271430025192326	0.00020560253067118488
AT_I2	328	Pixel	AT_S	0.0016173505123258604	0.0033781606999035724	0.11770903576978861	0.02975487996565657	0.06732620169111017	0.024632028300014965	0.02100680727273578	0.004005975569147355	0.6610136023519239	0.0006737553866831141	0.04801301138069574	0.0008692615141451865	0.009103880831154385	0.0010322303696137416	0.0007835335781446454	0.0010577753981404936	0.0016545585606503998	0.0007605617181110903	0.0007613163675629866	0.003002661724799855	0.0018434110376913573
AT_I2	329	Pixel	AT_S	0.0034213717971016636	0.0684135079108752	0.12138824090840784	0.0917159350441783	0.21264560749486378	0.04718849874424534	0.023374220979785476	0.06785116855842309	0.3216517716165836	0.0014613360463673168	0.0028075111209047267	0.0037491813883315656	0.0018912970746789643	0.017308646275002944	0.0017728909581614422	0.0023054831205726054	0.006377297406339669	0.0016956777346870205	0.0007629521683054118	0.0009849927058028422	0.001232410946380321
AT_I2	330	Pixel	AT_S	0.03286322619767493	0.029034747248041236	0.12198491314975596	0.09291480443790957	0.24035060591554985	0.024008403745345828	0.008303757398788565	0.005015316659782716	0.3461568458024022	0.0027710292529805366	0.025407203403628578	0.005506857227900068	0.012189112093170206	0.0031926540629758802	0.00206426706276732	0.0023101962413989183	0.029142229755948764	0.0029370825181662345	0.0020018660601996583	0.0028104609942826886	0.00903442077132947
AT_I2	331	Pixel	AT_I2	0.0017514233139985659	0.033459441826682014	0.026923772753008748	0.011403843984057409	0.6123746121611223	0.010389189181629498	0.006860980991899534	0.01912071562078101	0.26056155261741515	0.00030140928486583436	0.0007026676048739632	0.001212668140342293	0.00037285643371018747	0.006731668827776798	0.0003929446365360583	0.000649625796749405	0.005840924761855851	0.0003023046074477684	0.00013773097098760374	0.00016640576237521968	0.00034326072188422586
AT_I2	332	Pixel	AT_I2	0.00023112341998839057	0.07157439110696244	0.00880954936979408	0.0033315774535793963	0.8593812147686352	0.0012519646705860408	0.00883160203765574	0.009322244177760055	0.03050086528384797	0.00024098646054520625	0.00026764487391895363	0.0005563509269485961	0.0001674434902434799	0.001247052271255463	0.0009464354043558921	0.0010333290985337885	0.0015131849853345682	0.0002809199662911069	0.00015734832026378993	0.00016245470768632602	0.00019231720581372783
AT_I2	333	Pixel	AT_I2	0.005380318049087204	0.36687537525938285	0.0018294861939364597	0.007656778558330869	0.49159127217541765	0.001570392974791324	0.017968070609602038	0.006960375904360487	0.021965810580686685	0.0012934955537994713	0.00039350908646404415	0.011091646808248768	0.0008287140859731182	0.000334331495963842	0.0001670764387300059	0.00029762472451578045	0.062851196627608	0.0003281402833843132	0.00016825194975222385	0.00013813547227783701	0.0003099971676863995
AT_I2	334	Pixel	AT_I2	0.02865485610923762	0.08559400079795794	0.018124392001001112	0.03990977993239867	0.6708470552128738	0.008630125753645418	0.008906165537915175	0.002069738103121013	0.07983734106895217	0.0010532612564695832	0.00504178317911067	0.00329023036422457	0.0030268177905407533	0.001195215108451778	0.000753198895380966	0.0008496295943942851	0.03483420150584046	0.0011089560544731555	0.0008274022902002824	0.001153999103343816	0.0042918503404657735
AT_I2	335	Pixel	AT_I2	0.03246336917901431	0.08283869066142036	0.026605475985733647	0.1128795325151975	0.47169213884561767	0.024960670027146206	0.029840422776876447	0.004430580855727802	0.15341042496189705	0.001737658861108115	0.005576681805914054	0.004826190999463454	0.0038249348807386945	0.00211910660174499	0.0012892162965153777	0.0014544188237641904	0.030043539201332518	0.0018678787713604138	0.0012751219657103335	0.0017410415107270481	0.005122904472989915
AT_I2	336	Pixel	AT_CA	0.005498624059839332	0.3487926653950702	0.006357877881248481	0.020136831048510394	0.22525193499393953	0.018285133383453556	0.06408735229364147	0.012630193052767653	0.09925589537969921	0.10585185798141436	0.0041476101281112685	0.026177020961120925	0.003507861562585522	0.0059783134076753066	0.002598743225895026	0.0027063726948367475	0.026137001245131512	0.01520686118911195	0.002057138782172415	0.0023039456441991575	0.0030307656895757957
AT_M	280	Pixel	AT_I1	0.000783340590568164	0.002846157520867852	0.013525968285771055	0.49982073006352207	0.00406538407067854	0.3357833609133018	0.005144014844093526	0.040313016515288735	0.00921281503562554	0.0010239635539856544	0.0034814578830327466	0.0008318911966444095	0.0021396070854318443	0.001353989142490403	0.0018220300781637718	0.03821675095044801	0.000791680173435526	0.0012339670707468137	0.001760862582611605	0.03495439265251572	0.0008946197907758126
AT_M	281	Pixel	AT_I1	0.0015522483835245836	0.04359038824392901	0.022335906022703033	0.5591037208532691	0.0031346643510386497	0.23559708961284304	0.003033762465053729	0.038273530921745486	0.007587054411708831	0.003022462527255046	0.006080148162563824	0.004216207702919866	0.0020999236881605724	0.008938101497030415	0.007915275521253779	0.03301123712956239	0.0023063121706746116	0.001969151260122951	0.0015952826776219312	0.012500060018204735	0.0021374723788146997
AT_M	282	Pixel	AT_I1	0.0019190149088659804	0.017733266147300898	0.015383774481953936	0.4487324461938561	0.005209257019640447	0.032265961811039634	0.008079019686601166	0.014320759837312989	0.0058786013026775755	0.004151041145780044	0.027963845053157892	0.004960007455799411	0.010941848503077225	0.004492468925723819	0.008215571976737385	0.04517260438371282	0.0025571056181020115	0.006989527890288836	0.004303521535923142	0.327191984793917	0.003538371328532039
AT_M	283	Pixel	AT_CH	0.014898255755176153	0.023560208271918813	0.4035460973292698	0.2051876067809441	0.01089147256134164	0.1894088800324156	0.008503097678581857	0.010870082739184689	0.023303744973260224	0.0035311228437565727	0.0514733178933034	0.009908017373736458	0.010544914615860112	0.004274828518144906	0.005604828112904546	0.004717664540247477	0.004890214319161442	0.0038085658256830973	0.0020592727844222013	0.004519154959166967	0.0044986520915201375
AT_M	284	Pixel	AT_I1	0.0023520821827737273	0.044324537739163526	0.03237301237881308	0.6329567045713991	0.013372939615122658	0.13759399815035234	0.03081510825356666	0.028341258291877596	0.012908053709811768	0.00738093406577239	0.0043119317934737994	0.006149677516204192	0.00487948877656787	0.0038257770785965427	0.0035149099002929223	0.009010519660185793	0.00316320761078969	0.008491541199742424	0.002913305585850665	0.009038008066060246	0.0022830038535827874
AT_M	285	Pixel	AT_M	0.005887128241531028	0.015481255450622068	0.09509273898195009	0.1500081637509627	0.017993395116870682	0.46864244951852807	0.012635538826476849	0.008922944620777229	0.16057199043660952	0.007923906294650536	0.005403062823086571	0.005217697092547276	0.0034009735604347874	0.008188909067365581	0.007124659221858336	0.004353862701761227	0.005176480618101496	0.0071092829025326525	0.0021797981213493986	0.004885776739309721	0.003799985912673914
AT_M	286	Pixel	AT_I1	0.005599007673208642	0.012742022410789615	0.02965665542921449	0.24630668831038388	0.007848086207462667	0.20730892120245592	0.009623312190994507	0.07079084956087275	0.022916092403480217	0.003879039831490872	0.1834884918300682	0.004188388511553062	0.01023441514949302	0.007940213963292343	0.009209030625740711	0.02236486052019596	0.00457337985400033	0.0042307553806544395	0.010042722999426622	0.11609758786181132	0.010959478083410676
AT_M	287	Pixel	TMA	0.007217425195996466	0.01433668120153781	0.07912971802037967	0.10466464016441628	0.014252528125897777	0.13246775212176062	0.014041964055514304	0.04668624282964412	0.10289429583102536	0.007895784615841332	0.07561351673683481	0.014126231463684759	0.017581332739317456	0.058685906041643685	0.018047089533575065	0.010839538513764282	0.008331652232964571	0.012756567968118698	0.013591609909922519	0.23957664685831503	0.007262875839845621
AT_M	288	Pixel	TMA	0.0013390320257854	0.003451699529109468	0.006638597293099433	0.007826942347590448	0.015437396169645663	0.22985989466345852	0.008424170168210817	0.004704700395109872	0.005142477566416045	0.0027000177347308086	0.01937453658231344	0.0015295457237953385	0.0022225544485853367	0.0014589044603735039	0.000649725940949625	0.0007699446904199466	0.0013968843073359093	0.0019829757068298174	0.013832817447726208	0.6700099218420897	0.0012472609564247214
AT_M	289	Pixel	SS	0.0015452124015004375	0.0019135446839176982	0.024429721135310254	0.002721098013086571	0.0034648442054954647	0.05187591279778913	0.002265063037574555	0.0035197802749543108	0.018389384103441722	0.0012292633006118017	0.244419349974961	0.001215770672118212	0.007748338375237008	0.001216067611473794	0.0008667243449135688	0.001980769459364245	0.0013450585364037874	0.0012060563859934924	0.34926011153579795	0.2774132800042548	0.001974649145800108
AT_M	290	Pixel	AT_M	0.002558358561207421	0.004229138544497848	0.044271672570196534	0.021904096534855238	0.007187372613956349	0.6176328091191964	0.009371316560280046	0.014919902231678748	0.2002247432900494	0.002317426331937694	0.020130785820435964	0.0030591127685286666	0.003079184639318679	0.0024884399993542828	0.002726920752232155	0.004053411538026177	0.0025952718406467897	0.0024207733198773943	0.013919193216872855	0.018993557358991175	0.0019165123878607465
AT_M	291	Pixel	AT_CH	0.0013039428687678662	0.004512600964198901	0.3941700100574384	0.1957894267926505	0.02758381327644055	0.0855704002292764	0.018258797243316506	0.050255343457672	0.193182155157026	0.0008214558767099348	0.005654755099838483	0.0011307807204679944	0.0017870188336180338	0.0015080595634156938	0.0019020444517230761	0.006891782038822463	0.0009393032746888876	0.0014874146128475495	0.0017651878082600323	0.00468693262787126	0.0007987750449495357
AT_O1	348	Pixel	AT_O1	0.003770854970874315	0.3023947852687442	0.00907565350950865	0.09143955905153707	0.04328381524805277	0.0872102989879451	0.3302686346179686	0.012194244344757842	0.018680307390368512	0.012409076288259267	0.0058556426154742595	0.015516233550247224	0.004893866969619311	0.005620840033653104	0.002425600736590484	0.0023413484031661064	0.012393571057651882	0.024116849337698417	0.0026323161413943177	0.01089222769494463	0.002584273781544214
