label	time	source	prediction	AH	AT_CA	AT_CH	AT_I1	AT_I2	AT_M	AT_O1	AT_O2	AT_S	CN	DC	DF	DG	ES	GL	HA	SA	SN	SS	TMA	TS
AH	9	Redmi	AH	0.5225170277217797	0.021214485902244548	0.018502394364214955	0.020945385478311845	0.043202812278658444	0.01816562324868243	0.018285809114155855	0.018900757138306818	0.025072821126575915	0.02120069929276517	0.01818562177439241	0.028935222748824933	0.019040599507404114	0.027118743955864718	0.017422557493517492	0.017460897739839373	0.06261350159812269	0.02125720932804784	0.01710942080114607	0.02392301959876755	0.01892538978837704
AH	11	Redmi	AH	0.7107418777847898	0.013187111495343051	0.014714340870568025	0.013831718433872053	0.018289995599379924	0.012705209558199296	0.012197037136167526	0.011950543499978449	0.024559850563959727	0.013160142708053072	0.012223560451973196	0.01612459534701446	0.012965302193805098	0.012858602766218186	0.011354219610454607	0.011368071067411839	0.024951483279675786	0.013705701112215984	0.011132266224997403	0.015981103277650347	0.011997267018272074
AH	12	Redmi	AH	0.6728943106649052	0.014088665815002867	0.01460092081709882	0.01385334938915408	0.0159913337163453	0.014356514509813982	0.013472446328538426	0.013211666960486798	0.01808688869779322	0.0142437419895913	0.012719456347662897	0.018874401532156193	0.014422995526195064	0.013722782866132256	0.012223665848817436	0.012238162308805738	0.05413098347294844	0.014761241128947427	0.011995195722417421	0.017212904447429487	0.01289837190975784
AH	16	Redmi	SA	0.10352349209164949	0.029523275264477435	0.030507729887715614	0.03394607490194151	0.04330904673548135	0.029531692284796886	0.03133478207973182	0.029263343310313168	0.043025417887147165	0.050635366712794394	0.03248284395486765	0.060247679479117945	0.038317732682095054	0.03488311524373689	0.027977789111435544	0.028868961442518177	0.14091469463813217	0.10811060668180583	0.030900101820807203	0.04319776011247714	0.02949849367695754
AH	24	Redmi	AH	0.7706033209665818	0.011492098291817736	0.010443208444244777	0.010484691710455749	0.017100694693084107	0.010236260994053717	0.010622486373737498	0.00974393003242476	0.013519945605243874	0.011565171288753492	0.00996446080335694	0.01387286590407556	0.01099852965717554	0.010437723018130332	0.009305935518456595	0.00958662126225721	0.013130825995293735	0.011241327700482223	0.009110416080971432	0.013043931430247022	0.013495554229155778
AH	29	Redmi	AH	0.6414601962219785	0.014469972523416148	0.01635134896692061	0.015648177543961084	0.019673546676775348	0.015373837285490643	0.014705329721477716	0.01441727019639446	0.03755624879095304	0.015961707374828556	0.014399276118935931	0.019517089054381244	0.021324705008540876	0.015328777436745478	0.013732316610065982	0.013755383792433426	0.029914285118131493	0.016624944172155737	0.013495901189791635	0.01938625719496654	0.016903429001655656
AH	30	Redmi	AH	0.7178935351654497	0.01196583112382394	0.012019159166950021	0.012795820242915777	0.015790082196779343	0.012153747503588042	0.01142326679171928	0.011889728729921636	0.016326319141042607	0.012808457508482005	0.011505852507982852	0.016530419092446274	0.015444113078719127	0.0125487613773524	0.011036541056777928	0.011036698875741886	0.03238809626065354	0.013279106593025412	0.010967072854734578	0.01549742837916815	0.014699962352725285
AH	31	Redmi	AH	0.27963869998995805	0.023120800401976404	0.021837909685039618	0.02338816714231563	0.0246687978777323	0.023629610374164715	0.021838033198608546	0.02181125867085744	0.023338594999301108	0.028896061802158986	0.022605149312321424	0.03983938261512829	0.023830147456237072	0.024532619294417447	0.020954880911095607	0.02084030427858937	0.07098637516427052	0.21384813215909504	0.02062242948552875	0.02744407212643199	0.02232857305477173
AH	32	Redmi	AH	0.5068401413983397	0.018189743567816524	0.01850243944695622	0.01928666221392743	0.01901702578751881	0.018300910034838625	0.01801617870967218	0.017945127973082748	0.01974736283655309	0.023605314809774933	0.018328206152163677	0.040474243183863265	0.020263331326012816	0.019522458425048243	0.01725546684541861	0.01723944000056795	0.08438525672344639	0.04389037686678118	0.01692866475247099	0.023560996172012426	0.018700652773734273
AH	37	Redmi	AH	0.5156673076163063	0.018636805219063232	0.018633011900793355	0.020058188438363718	0.018903705224260145	0.018396810472210666	0.0184337756941889	0.01868108146567085	0.019160936765470194	0.021672103873836734	0.0215354399333273	0.03455167274950951	0.036788621515546495	0.052188137895436165	0.019696341995253493	0.019219897695184302	0.019069665304075667	0.021897966144881122	0.02545109742255652	0.03109050753669805	0.030266925137367225
AH	49	Redmi	AH	0.5397672453752719	0.02367674746205576	0.01932728173419978	0.019327813365199294	0.027271863531642692	0.01942596297758511	0.017743115345169695	0.017819906353138647	0.031427624732081876	0.02102469872945312	0.018274103588096592	0.025116467409721344	0.01864309902720267	0.019233977336872116	0.019118699782285864	0.01699370222655724	0.06229327005882322	0.02621515470346581	0.01688776379698066	0.02370668254324935	0.0167048199209472
AH	51	Redmi	DF	0.06102741763280097	0.032699902387415075	0.031523296372366165	0.03175390445758036	0.04869944284296624	0.032573523449244045	0.0277605402694964	0.028766683311383944	0.061744489455130294	0.029849412061814882	0.029612745627917957	0.24335153486644612	0.09085113622581746	0.029500728198024316	0.02643336306420496	0.026938990386757414	0.045419318863651525	0.030541893961818962	0.027051373002693533	0.03462115982549485	0.029279143736974548
AH	61	Redmi	AH	0.4393455588736382	0.020773417199603558	0.020438032161877114	0.020615587305325127	0.027845070532199864	0.019012916593983256	0.01908425596077952	0.01924575691627637	0.020792629443568147	0.028608238918141755	0.019179574562435218	0.049691916103108906	0.02372953874953335	0.02086392552557532	0.0184648497450576	0.018395166326301247	0.12868970596626794	0.022221944029813697	0.018095787474627624	0.025650673433382152	0.019255454178504057
AH	63	Redmi	AH	0.6614086606624974	0.015756382844063332	0.016376893999727485	0.014986014929320668	0.022499390932771292	0.013758175481247654	0.014148328341475842	0.014231280664541272	0.025200834648802916	0.015273097376943358	0.01374785150713332	0.018828451429955588	0.019063870418733902	0.014680533222244739	0.013147859593254988	0.013179305118566851	0.03063609005560655	0.015932392356851656	0.012912492496160123	0.018549275286820505	0.015682818633280488
AH	65	Redmi	SN	0.058763175991683146	0.03296421561359492	0.03726084594608737	0.03493773291963355	0.048835551910126396	0.03640402968266067	0.03080411132698359	0.030905877890970473	0.06789312860951702	0.07540221615339267	0.033900422390064584	0.05482740394627143	0.07253699777948143	0.040258919181852	0.029371044649759034	0.029528810998230764	0.058244453206048374	0.12394718808287328	0.029276204126406198	0.03914537665140102	0.034792292942962245
AH	66	Redmi	DF	0.07801250686167609	0.03183496685887511	0.032411803903850615	0.03727818238732187	0.033312227584888894	0.028354525444049095	0.028109934969294353	0.029085429049075667	0.04151244518159266	0.06135037856251499	0.037241995772881446	0.2429658579250321	0.03785549106051073	0.03252984839763208	0.026818054785910532	0.027333690805297885	0.06062565564016579	0.03315472467022591	0.026231520020449397	0.036668265717948935	0.03731249440080583
AH	70	Redmi	AH	0.9434602184286679	0.0025663044283859493	0.002569982920870259	0.0027037897644046323	0.0027789633735937997	0.002534048314921921	0.0025363370170604694	0.0025657011999442878	0.0027294728739857693	0.002852423689257183	0.002645757388077203	0.003800572854448296	0.0027993859532748594	0.00280855887052321	0.0024690306587765855	0.002458583210000022	0.004393108749530113	0.002926669910383065	0.0024256904603287928	0.0034148532164185175	0.002560546717147018
AH	74	Redmi	AH	0.2487231422788217	0.027820833748095707	0.028227766421335225	0.029806897848571916	0.03519093240600082	0.0284086330997421	0.025748415369381137	0.026785686638037973	0.044429280290229585	0.03537357815526277	0.027105950858688912	0.038398734410452356	0.14781726746531246	0.02827664481078245	0.024779585070520492	0.0249075427898532	0.05923633643487623	0.030300943065989787	0.024316582523733164	0.03341140034059009	0.030933845973721917
AH	77	Redmi	AH	0.7725050300953643	0.009776898734331095	0.009809482526697225	0.010440946254272304	0.012142732579619073	0.009354818158984137	0.009343399209099497	0.009734822689257643	0.012531778497862788	0.010476305767505533	0.010055364377454154	0.013000679992910432	0.0122493196396008	0.010118230884246803	0.009042025173637171	0.009042817395111579	0.025831610584242215	0.011276146878295487	0.008881123952292258	0.012747341210059212	0.01163912539915618
AH	86	Redmi	AH	0.6948751500514477	0.015168425458056203	0.0164088691397748	0.015106836744657763	0.016391283705623073	0.013391726389047953	0.012452495985402384	0.012559125295769658	0.022776570939305848	0.013913450706837591	0.013322230872808368	0.017117218583373693	0.013710847172378107	0.013390376911277896	0.011969115758911929	0.01199561969014874	0.027944415881274286	0.015019588014199933	0.01174886958186406	0.016928145614398867	0.013809637503441314
AH	88	Redmi	AH	0.21367109578287805	0.028657255109447704	0.029118364210170337	0.03229783987547548	0.03495807657007842	0.02946038947344821	0.027408957739380173	0.027700257197012575	0.048966015243678884	0.03776221989301989	0.029013159282524643	0.06659651030267931	0.07052713262472923	0.030693789398603743	0.02643738699586891	0.0274701509001251	0.10782580821585391	0.03994240667850456	0.026089384016260427	0.03713049735262177	0.028273303137638622
AH	89	Redmi	AH	0.4636355752994247	0.021199285360131166	0.02115437960710156	0.022643225686872034	0.02360923647042742	0.022010787420361735	0.021039344930941287	0.021210395437397136	0.02479856113263772	0.023223657453817183	0.03700186042007975	0.027315868628106813	0.02614492659580144	0.03513529092824777	0.021225536716087238	0.020654168183536183	0.03272348313049629	0.03183131466897796	0.02781670203889547	0.03921505826760001	0.03641134162305926
AH	93	Redmi	AH	0.760324089876793	0.010112608302121571	0.01086437153315852	0.011174804247375767	0.01257506961106603	0.010645407340959609	0.010597904142632881	0.010403838820722504	0.0155579399021928	0.011195244721922492	0.01039633813068594	0.016297193799969717	0.013949931320344356	0.010756289474461774	0.009630953985050214	0.009942201693546458	0.018127951756533516	0.011560083418736652	0.009451059176485845	0.014069166909695174	0.012367551835545193
AH	95	Redmi	AH	0.37063117664801903	0.024053593532230494	0.028767432890026767	0.026392258656627733	0.03061811936158252	0.024121911741641727	0.023043676534801084	0.023289053682326713	0.04941046948703312	0.028595819969594174	0.024834975874581177	0.09444133829980104	0.026792175347279474	0.024680507904234407	0.02217901171601167	0.023657270142086576	0.04743328991745092	0.02647296041771299	0.0217176608913518	0.030127500221859123	0.028739796763747383
AH	104	Redmi	AH	0.17210469056836963	0.029719132793505167	0.03145459690752989	0.035319119227882424	0.03787729640847143	0.03258471373656135	0.03037856363393671	0.029738637383938338	0.052017634352846204	0.04733211151663204	0.031025264536001296	0.043209347358216944	0.04332515552302509	0.031262740048046064	0.027426755502750727	0.04134397270346031	0.04925033124006975	0.13426883836213724	0.027033497504443633	0.036338216971152804	0.03698938372102307
AH	107	Redmi	AH	0.785608492818461	0.009789844250657414	0.011134228094087937	0.010270666337779984	0.010741287359944087	0.009727282379546037	0.00881033694208454	0.009181000248849965	0.011860735728372927	0.009876349653795283	0.00886636714061671	0.012302246667005773	0.010028027173455883	0.00951261607314142	0.00851177825202637	0.008521453619130561	0.025957875633085215	0.010241529195740836	0.008350564292335215	0.011944983633341764	0.008762334506541071
AH	113	Redmi	AH	0.725508788469791	0.013405277960542087	0.01320019049779308	0.01286224125851175	0.014407351486173023	0.012929052038987298	0.011740489665183946	0.011844620242552338	0.018338213621925104	0.012710712333521156	0.012234222368521635	0.0154608089858728	0.016995084390911328	0.012677879573308685	0.011324093994430436	0.010986418578357008	0.021144282741340805	0.013229278168161624	0.010759079965532917	0.015481266123584112	0.012760647534997796
AT_CA	0	Redmi	AT_CA	0.007297901311226278	0.8279047723822881	0.0074115060689676675	0.008355253385263755	0.009768920582974043	0.007316110789360862	0.008760388332676755	0.008181459384774662	0.013668357379164851	0.010140028341111003	0.007561817861195197	0.015669957234153004	0.00756548353645962	0.007956843780220914	0.007114027474416865	0.007065286286495639	0.007530969406600921	0.008600617531903037	0.006885096227089649	0.008240026696994024	0.007005176006663041
AT_CA	1	Redmi	AT_CA	0.003046392108789578	0.9334991896373295	0.0032909054529086726	0.0034246851365669897	0.00425298513412503	0.0030522902103976945	0.004035826878916766	0.0032308668950711025	0.00354238890213113	0.0036059294619545357	0.0032520296200399873	0.0036898787065264217	0.003050150534124731	0.0032960343318206155	0.0029583371133348056	0.003368601170724993	0.0029487122886245553	0.0032332251154540276	0.0028655043859411645	0.003443051106358706	0.002913015808858969
AT_CA	4	Redmi	AT_CA	0.0031355171257315285	0.9313413666024284	0.003182894737378357	0.004413915168140142	0.003723717513104521	0.003143660117772586	0.004705740058335833	0.0036637627073942184	0.0032953393160655782	0.0037078750572003354	0.003131911035436821	0.003950285024257458	0.0031279633418290803	0.0033879646115344336	0.0030330600391956573	0.003042331954458548	0.003227679762119523	0.0033202275246473896	0.0029442358454030305	0.0035271345352058947	0.00299341792236041
AT_CA	16	Redmi	AT_CA	0.006843065998448124	0.8428364420736949	0.007950343446134208	0.01176987119732988	0.009376189918643769	0.007215284332051113	0.010573197364418422	0.008842190011048313	0.009593846033281391	0.007347352269495321	0.0069372423054134625	0.008615528031241174	0.006805541047440996	0.007179984562354477	0.006639622684569638	0.0068524806990809695	0.006624793979670026	0.007373289474292549	0.006402721396165552	0.007714518905883762	0.006506494269341941
AT_CA	20	Redmi	AT_CA	0.019591120403032784	0.5444451249097911	0.018084908690289378	0.019125322306164295	0.017929453340977015	0.017949395694477455	0.017617620708479324	0.023760709936872182	0.01869329682604446	0.022847626989790027	0.024561986125459512	0.02783756585107418	0.027448566888512858	0.04756424958271681	0.021810378233154484	0.01869482379911322	0.019879830062033713	0.021274808109682693	0.020136342977908412	0.02501458472551336	0.025732283838912757
AT_CA	24	Redmi	AT_CA	0.003409244384163041	0.9245521069000363	0.003605149641182636	0.0051428100314195955	0.005405805162677928	0.0034415469554258493	0.004812125094052929	0.003547391341373292	0.004001196387311662	0.0036184029877661416	0.003415794038683446	0.003956407679703834	0.0034102795501110713	0.0035662780536683185	0.003301305158343772	0.0033085603942124325	0.0033033166761374153	0.0038852502496841378	0.003208219466549354	0.0038483254504106472	0.0032604843970860955
AT_CA	26	Redmi	AT_CA	0.0036469343450078744	0.9183841087216417	0.0037218453405756585	0.005298858008057256	0.007854117068559485	0.003664796291170389	0.004843408198709408	0.0038702145798969767	0.003957276931947873	0.0038561620982444423	0.0036433318226776986	0.004233942103970103	0.0036423916428848344	0.003801820951064227	0.003525270473876681	0.0035337128019009827	0.003649046625596539	0.0038534425334359806	0.003426649886379213	0.004110555450693769	0.0034821141237086966
AT_CA	29	Redmi	AT_CA	0.026731065979147716	0.2684801998611685	0.027828285645937107	0.05792101064070599	0.05497906109517546	0.03241706511833462	0.08903894555962429	0.04048628390594452	0.03247180494229222	0.04705257533839896	0.027123039233123883	0.032676590468069235	0.02660985630413326	0.034525378943505144	0.027809994421695128	0.026692669610024585	0.025771943855474495	0.04026614687424578	0.02501474354836938	0.030693221735028257	0.025410116919601263
AT_CA	31	Redmi	AT_CA	0.004137193961370895	0.9070139302285266	0.00422967012666977	0.006416324903406735	0.004757495320410547	0.004182852405191383	0.006403070685934542	0.004896176148946996	0.00436478836869589	0.005269962703858694	0.004157589813424289	0.005391974288346841	0.004148942478516874	0.0045097664931103894	0.004027602341523453	0.004037559479826402	0.004015631403914641	0.005484348556300581	0.003907348988687965	0.004674513626714223	0.003973257676622261
AT_CA	43	Redmi	AT_CA	0.004947467118466323	0.8852148310364408	0.005321770346020192	0.013837414036649476	0.0060812778665740265	0.0054116737134726955	0.00695228939460708	0.005774008181036527	0.005453523586177311	0.005233678664382768	0.004997144770227502	0.005703531031499039	0.00496291152338742	0.0051845895661021095	0.004805622729110716	0.004823171560944565	0.004798970771849944	0.005240262575255224	0.004669949507288876	0.005839208952147303	0.004746703068360133
AT_CA	49	Redmi	AT_CA	0.0024199052385489137	0.9475875216497353	0.002551859376923127	0.0036584833342392757	0.0027179573343600375	0.002439145416087048	0.002843582823185303	0.00248487764159837	0.0025465388159848783	0.0028813335737637143	0.0025089302758645672	0.0028341749989632525	0.002426231760362449	0.0027235044361926535	0.002353450110211762	0.0023550409687130213	0.002344044257254967	0.002982701265853236	0.0022820916395672624	0.0027382657861476467	0.0023203592964432984
AT_CA	61	Redmi	AT_CA	0.017735148305211116	0.5897847136241751	0.01579599634214092	0.01612818833364486	0.01569393220889976	0.015702770209561984	0.015459115000389219	0.017237557577278927	0.01647198686267457	0.020523297072309814	0.016586313184185374	0.033161099031822856	0.03576473796263241	0.05318775873067862	0.016363371339606192	0.015277219739561174	0.018726783698134714	0.016667705404390307	0.01652073990243497	0.01780798361628648	0.019403581853980677
AT_CA	69	Redmi	AT_CA	0.005674412626786729	0.8704928126439183	0.006598042113761417	0.00913514907546108	0.007690595890194573	0.005944969776839172	0.007721665711191589	0.00882503927646711	0.006855164170535353	0.006706677274244914	0.00569825543677376	0.00710927364441264	0.00568067566393928	0.005937847444576575	0.005512088013071211	0.005691815318518614	0.005515257538919815	0.006021413889191393	0.00534469328373357	0.006412170132852161	0.005431981074610651
AT_CA	73	Redmi	AT_CA	0.002399196184620442	0.9481319396526757	0.0026977252943458175	0.003761625335257919	0.0029728825164975214	0.0024259969695603926	0.0028221860367062834	0.002488310870837303	0.00273158290692533	0.0026553046605958574	0.0024090660264164507	0.002804745426898994	0.0024008394584910664	0.0025075566052460197	0.0023244142855756212	0.002330812016637682	0.00232432836889656	0.0025460520560643186	0.002258795154659891	0.0027110437521495065	0.0022955964209413426
AT_CA	74	Redmi	AT_CA	0.003360941444309252	0.9251991371598324	0.003635830994961992	0.004171851264740473	0.007255573200434603	0.0034767187401460726	0.004608250964544155	0.0034593585921548382	0.003654530505722211	0.0035623764449469416	0.0033595739974843883	0.003907417940131137	0.0033586867942251636	0.0035059172183703287	0.0032509237457341487	0.0032563505002740803	0.003260023193462366	0.003556028573616929	0.0031598508554459346	0.0037900079561810763	0.0032106499132814664
AT_CA	75	Redmi	AT_CA	0.0039880125831708415	0.9099850652444138	0.00438361291950371	0.008314602088334198	0.006100841474819162	0.004068332255973815	0.0051253005784407946	0.0042819769050407444	0.004416774887615478	0.0042322811678425	0.0040099929768333585	0.004976700439632266	0.003997456688490744	0.004176417237091425	0.0038698629843153514	0.003880550901297082	0.0038720017651728343	0.004220095847478584	0.003761135585937109	0.004516501581937824	0.003822483886658621
AT_CA	84	Redmi	AT_CA	0.001997301454041585	0.9573980699682039	0.002025276291144734	0.002329929685452735	0.002248135539020094	0.0019956699064256557	0.00243150292955325	0.002192185268235941	0.0020938939241143518	0.002473008199997717	0.0019987187244406893	0.0024418326486617264	0.001997693569845978	0.002165767209332968	0.0019387983181501506	0.002006281506927453	0.0019343055508048014	0.0022887646927604133	0.0018804077645035344	0.002250896993782845	0.0019115598545995682
AT_CA	88	Redmi	AT_CA	0.004648982182371049	0.8949558080498053	0.004909612493043507	0.007259960203434912	0.006119137720672593	0.004690064192369013	0.0067621575236114576	0.007619277291260049	0.005105498674474285	0.004971567982547102	0.00481802096561245	0.006068284625725032	0.004658442200008646	0.004865088664838412	0.004506867350693234	0.004507171040625973	0.0045172190198684405	0.00492355060366093	0.004380452145546724	0.005260616398928616	0.004452220670902352
AT_CA	91	Redmi	AT_CA	0.00568933750965412	0.8800046616036498	0.005972513638981164	0.0073904647207747	0.009467042415078862	0.005359046518772304	0.006133275343612955	0.005618696739945239	0.007499186168546629	0.005765422977476987	0.005492747015582314	0.006339140790540653	0.006268723640359227	0.005517439314667019	0.00511437461002475	0.005125121178778928	0.005474243434225877	0.005574410347506863	0.004974597537309696	0.005971836648552872	0.005247717845958922
AT_CA	94	Redmi	AT_CA	0.02036801188867105	0.39715218330070007	0.02506861320670494	0.032824439051259265	0.03406617975588778	0.021432913434611848	0.03497000017261455	0.1573769241602622	0.02422239650828305	0.02402835702719957	0.0203819870470591	0.02367491524526374	0.02033334211527602	0.021229117285857878	0.01967548543382294	0.019551743421546343	0.020533258602683492	0.021600531465473475	0.019128513670628258	0.022946312715235014	0.019434774490959542
AT_CA	103	Redmi	AT_CA	0.007179127441872732	0.8275763294682229	0.0074929209766098365	0.0233575414130696	0.008170646237630363	0.007650291425057095	0.01004157735887536	0.009092707217771738	0.007647756410042105	0.008382649067017252	0.007245413381988536	0.008229949373860271	0.00720766480036914	0.008113471917363387	0.007713116152538921	0.007281423797407947	0.006948514409732799	0.008834839086542659	0.006784618203432597	0.008151064569285677	0.006898377291309054
AT_CA	108	Redmi	AT_CA	0.0051145403920743	0.8815980299658751	0.005834019047373516	0.01212412986118169	0.00971728188007833	0.0054208752965136395	0.006156912247187698	0.005313697864441702	0.005958324773236599	0.005387461255394767	0.005149757500435396	0.005897645684475024	0.005127653635466514	0.005351754662754027	0.004961411136268087	0.004976027419876814	0.0049717726712244755	0.005413950939779072	0.004823187180021329	0.005799168194928663	0.0049023983914132695
AT_CA	115	Redmi	AT_CA	0.003942191676891108	0.9118370846120148	0.004020752691967475	0.005558751748544034	0.00483221865074907	0.004095479265114111	0.006478849166731475	0.004260412363874148	0.0041756066584105345	0.004508649090545394	0.0039573714647333684	0.0047542391682990365	0.003950634038126604	0.004300963686633994	0.004093447239672018	0.003843841263320366	0.0038227283865595605	0.005610552622605608	0.0037202657337084256	0.004453016384729424	0.0037829440867692275
AT_CH	7	Redmi	AT_CH	0.026864120947897554	0.043880634162165116	0.2750840636807981	0.08740002420934025	0.11962000607951725	0.035207794414430095	0.03993238270976022	0.026635032449320643	0.03178083246987789	0.027321765473352837	0.025333854684126602	0.029370972701322093	0.02505649393534263	0.026345217729014228	0.02424159374154985	0.025286631894303965	0.025802685222337567	0.028434971222122643	0.023562959019662755	0.028646189949017527	0.024191773304740108
AT_CH	12	Redmi	AT_CH	0.006741048038752377	0.007207378157051216	0.8425667552414814	0.01409477877285756	0.008960209400188152	0.008192360055811714	0.0071861264204483985	0.006936694526922148	0.011438406104450195	0.007083755932943783	0.00897119682825281	0.007698165152216751	0.006805246938504059	0.007077786952158762	0.006551296251675251	0.006581075359070821	0.006514144038283529	0.007122410232860681	0.0063671383227613745	0.009425119195390338	0.006478908077918449
AT_CH	14	Redmi	AT_CH	0.012028512299720573	0.017178715263498547	0.7070992968752183	0.024563928630901895	0.026217585816338082	0.015568559020202578	0.013552198936605971	0.012802385865823628	0.01743046260669302	0.012613250929319659	0.015258788358442644	0.013843553181442921	0.013402124302873266	0.012580008901182984	0.0116492520627325	0.011705741178422432	0.012034858844378856	0.012700605087429742	0.011338411001417564	0.014876753377590079	0.01155500745976474
AT_CH	16	Redmi	AT_CH	0.013916894624568256	0.02120676058822835	0.6534425769220165	0.040443813349122955	0.02151477735123465	0.014549742614864436	0.022311189015289452	0.017616353327569313	0.01856180573586448	0.014671663290390996	0.015473425713774035	0.016009511732731747	0.014960925856601926	0.014629638649300988	0.013512126306582533	0.014064685140090826	0.013903440324044333	0.016441337916124236	0.013130387845067834	0.015837684109183594	0.013801259587348713
AT_CH	23	Redmi	AT_CH	0.0061697393533343935	0.007246608758078842	0.8548397746427815	0.01744999518160531	0.006898686027181185	0.0102358429310133	0.006881531649788444	0.006803261839359293	0.007230145187880153	0.006463986486808111	0.00648705564365997	0.007058680351485939	0.0061873425864487535	0.0064718084826187	0.005989613695617201	0.0060402522457088745	0.005949631738484434	0.006526152509881047	0.005823626455957019	0.0073240772469836315	0.005922186985323871
AT_CH	28	Redmi	AT_CH	0.010954991813135778	0.014634386415918703	0.7430347474496904	0.017421211964040836	0.028094108328575007	0.013398578717144607	0.01111506907875732	0.01138048222617608	0.017938113658394074	0.011336206310043093	0.011793550467983315	0.012157620672151138	0.010609917944357018	0.011065074274722983	0.010243539790871628	0.01027869319800016	0.010268704602154326	0.011189685869563515	0.009956479595584012	0.013000276710918225	0.010128560911817672
AT_CH	30	Redmi	AT_CH	0.012075732754851552	0.022160680663460438	0.7014198472678536	0.02750223188894861	0.01924521635995155	0.013355487987205976	0.028881789745268147	0.013607792308076672	0.013518807742126323	0.012744157108464502	0.012132740674409606	0.013972863156374133	0.012089909448424072	0.012659234464419621	0.01171610530769474	0.011778433528112805	0.011682617666678064	0.012820473847447411	0.011385880016636858	0.013677201713893479	0.011572796349701908
AT_CH	32	Redmi	AT_CH	0.017585348471459757	0.02354038257970979	0.5750224402792499	0.05465314417970464	0.020272067419936785	0.01723249366634743	0.04188034864498736	0.024527529875689964	0.018352989563186616	0.01869597298009102	0.01695773020936317	0.018885400552730074	0.01645241306962182	0.01798841194867296	0.015987980485542896	0.017221423958246187	0.015877604443487094	0.01879362194769406	0.0155039088968075	0.018785518952141197	0.015783267875329677
AT_CH	33	Redmi	AT_CH	0.012488901834150926	0.01831580430907814	0.688654940122923	0.04049677391231528	0.013146418912116997	0.017926636260688574	0.01886438034292603	0.017388342956026433	0.013759513050172574	0.01414211216870612	0.013051641289906974	0.014385689601782266	0.0125527978193996	0.01363380710258752	0.012595497085382377	0.013575950133070232	0.012071141626431968	0.014298535385355	0.011816255591396685	0.014802639999184034	0.012032220496399045
AT_CH	62	Redmi	AT_CH	0.029767558607074706	0.04122464171586857	0.14909004459855843	0.07638877352559954	0.07236371846602264	0.046155380511373585	0.05380322712035564	0.037916489702767335	0.03656763527106836	0.08521477102578424	0.05794677648175664	0.036187011228821786	0.02983390340256572	0.0353810634835549	0.028699814248758355	0.028932486407509114	0.028741588074726394	0.032217955173749604	0.028040388138541282	0.03671856664114884	0.028808206174394207
AT_CH	66	Redmi	AT_CH	0.012463045874313372	0.018658210167981373	0.6921141562831529	0.027373982275531665	0.016224434316993185	0.020150248456217677	0.013182461062139977	0.012875443670921376	0.014910160844622693	0.013170359798016684	0.02085078919943097	0.014375913723870171	0.012691196373080147	0.013129967228187916	0.01214947882378285	0.012212267788161483	0.012083390536306094	0.013204555746498975	0.011835354658421521	0.02428676145676384	0.012057821715605044
AT_CH	67	Redmi	AT_CH	0.013502976919884276	0.019653031312741934	0.6675044662612835	0.035504281591009136	0.018908019372944417	0.01860000954964512	0.014224441040082015	0.01435731131012667	0.019048471489052327	0.014163636909738346	0.018952660644123622	0.015498364053614513	0.017882042385882122	0.014137262770481761	0.013085829267638191	0.013156847235773553	0.013469028966188991	0.014239474532354704	0.012744370275108469	0.017468516879600736	0.01389895723272574
AT_CH	74	Redmi	AT_CH	0.01480582904249147	0.01833083850780564	0.6106374902558674	0.06392269796226578	0.017179888183950786	0.019379336929293212	0.034521224456515016	0.020994107234085773	0.01581068819632868	0.015666061737401264	0.01548491244886085	0.016997110899550364	0.014885883702262799	0.015600960021095308	0.014443792625895771	0.016078488778965276	0.014311372445357063	0.01574522071036083	0.014011415960567134	0.01692646041415446	0.014266219486925132
AT_CH	86	Redmi	AT_CH	0.03164121390489621	0.03620073448579536	0.09127459482441601	0.06646907284321324	0.04712613019163291	0.03672710170701113	0.08519397743109805	0.05649695920268486	0.041753722172437724	0.03907339912460847	0.04272075183586756	0.036750897684057135	0.03130843387465571	0.03639791087344318	0.031541938083601596	0.03174064772433678	0.030290058910559126	0.04127306878146136	0.08373562268849498	0.07210251557600851	0.03018124807972012
AT_CH	103	Redmi	AT_CH	0.011793545930568486	0.014522826805984108	0.6954691894757827	0.05458158204451663	0.01602148982585346	0.017163273352094204	0.012938567461531101	0.013119869339323133	0.015405124910770392	0.012552637055310475	0.014109704589650203	0.013505790346425808	0.012744164426992461	0.012413732073638417	0.011482677652039164	0.01156820568063095	0.011427728849426094	0.012501294139759886	0.01117295959867042	0.014126160803329808	0.011379475637701928
AT_CH	105	Redmi	AT_CH	0.010676265933772154	0.012739701676291617	0.7108580936551219	0.06896903108189094	0.012009113682094527	0.01398633426456503	0.011734417139202166	0.011909650651270755	0.013994161186886137	0.011799777763157574	0.010899058614913052	0.012400035034281975	0.010732473048562749	0.011702209807077795	0.010398843511803568	0.010832285707334537	0.010319053131253942	0.011402838099981098	0.010103711656731204	0.01226398693048604	0.010268957423321292
AT_CH	116	Redmi	CN	0.029185126332714067	0.04873909393115245	0.0594567481813577	0.13379209749131118	0.04752052003686285	0.04006664123445862	0.0840110542411606	0.03150741837640089	0.035154419915098455	0.13487378400501546	0.031754769653657	0.03492895141339799	0.02923236534612202	0.033549577846253925	0.027799122648941247	0.028126516617860548	0.027695612968067707	0.04846341574131376	0.02715916023742219	0.03943715344628802	0.027546450335143344
AT_CH	118	Redmi	AT_CH	0.015692930955922408	0.021720196962119756	0.5930696464582761	0.06538104907644719	0.018759096002573177	0.018232132956283943	0.019358628764482556	0.021080682140931447	0.017854469161683283	0.018301880431045064	0.020648670348890393	0.018170082519677007	0.015885063657139507	0.01894528652106196	0.01635444103899987	0.0182143358604627	0.015178078587263541	0.01894801978874472	0.01486881354068597	0.018177380538747685	0.01515911468856174
AT_I1	1	Redmi	AT_I1	0.00526758204648286	0.006181328594517798	0.006851288742815651	0.8889604378986145	0.005571207074811128	0.006007527063321107	0.005192558677694332	0.005136058695509197	0.006188081170267004	0.005628887895894057	0.006617370461283993	0.0059368800372449765	0.005235576593189311	0.005258402454740313	0.004708243263694047	0.0047509189792930935	0.0046567860366325915	0.00518905473567965	0.004580611644702462	0.007426407717771553	0.004654790215840223
AT_I1	3	Redmi	AT_I1	0.0044085881119132015	0.004812745885386338	0.0050016071776685395	0.9076656053492804	0.005393730955381298	0.005281918963362659	0.004332999297464875	0.006540281999501642	0.0049142845868498895	0.004562926993671819	0.004615946400650885	0.0050370570523691	0.004094881054745788	0.004279687446399967	0.003955978825048118	0.004069111976408686	0.003915354546192803	0.00462685812603189	0.003849245913932825	0.004732214430497003	0.0039089749072421815
AT_I1	4	Redmi	AT_I1	0.0030070516453663456	0.0028889472260689338	0.00360674164894013	0.9387164415577316	0.0030707588216288086	0.0035822265276172585	0.0030841024119016383	0.003804445149767266	0.0029524611821611655	0.0030946198492436618	0.003187660493037078	0.0033847637998561312	0.002783448184993025	0.0028958071643161516	0.0026882010841209818	0.002831479360797712	0.0026555484947290734	0.003014041127659307	0.0026146710207415646	0.0034842081760989726	0.002652375073223473
AT_I1	6	Redmi	AT_I1	0.005344160656970975	0.007822934818575175	0.005207928056384354	0.8875850091169288	0.005829383456656222	0.005339798983421841	0.0062314178244683	0.0063231420429577835	0.005353943041536949	0.006106851604973868	0.006190045463574453	0.006228363599551595	0.004951866636554325	0.005536788279913655	0.004939748285299412	0.005000736083371512	0.004732410415668478	0.006158543902133214	0.004642023661649362	0.005733719690412071	0.0047411843789975285
AT_I1	8	Redmi	AT_I1	0.0057513898249781726	0.006856058817655479	0.005662279812083635	0.8772429985943965	0.006332896963148672	0.005827968196194023	0.007813555742655366	0.010026340457607747	0.0056113442839331425	0.006535318780806137	0.005337388872927731	0.00654669290510813	0.0053243845679547645	0.005602530274532775	0.005332176188165391	0.005436586474544152	0.005103744596097193	0.007398954294673234	0.005011750097692383	0.006169628328215703	0.005076011926629489
AT_I1	11	Redmi	AT_I1	0.007597442536230324	0.009028671020047715	0.011999900690374024	0.8351564271682198	0.010495295651406519	0.010313573260264216	0.007782680860492328	0.007990372006125667	0.008298360881827383	0.00791562806818452	0.00763636937356446	0.008992633536996756	0.007315340507143811	0.007427281953090414	0.0069714627057129615	0.007943161502245659	0.006761229640041093	0.008759713827401214	0.0066495598100676555	0.008202181088487588	0.0067627139120759495
AT_I1	12	Redmi	AT_I1	0.022203679100036816	0.02292655162862358	0.029982477389708818	0.44289085580481147	0.025572299459489342	0.035596978947853096	0.021264875803154185	0.021614247064488248	0.028950771156602224	0.02328481715314286	0.031114188992827634	0.02760529882635936	0.02166933849448016	0.02200276975112685	0.019907937312418866	0.020052495508943904	0.019678195243630212	0.07644525820183659	0.019463520232482236	0.04805842137341713	0.01971502255456656
AT_I1	13	Redmi	AT_I1	0.01098386763883604	0.016299998140464067	0.013514506847789313	0.7542081420730051	0.017906213600338595	0.013454517417270979	0.013301896575353224	0.011599982566334557	0.011304298127592491	0.012436220695419671	0.011136464894869962	0.012909985994918821	0.01027178888303594	0.011549812990622901	0.009930345873048836	0.010914003892177594	0.009818649142858942	0.01667047857589137	0.009638545626364403	0.012351732034415195	0.009798548409391874
AT_I1	32	Redmi	AT_I1	0.012040711958823187	0.01361311454489861	0.01920022899796831	0.7289235399075046	0.013805666084659747	0.015520400252214739	0.013426441909593148	0.012703334379126067	0.012440681570805837	0.01253159117410337	0.01528940852793376	0.01529224870058903	0.012577632926532153	0.012430456560933154	0.011908045040385543	0.010990772770200396	0.010717556981756613	0.021285006595957136	0.010572098412554765	0.013936880298063104	0.01079418240539674
AT_I1	33	Redmi	AT_I1	0.004250814163403288	0.00405847704926261	0.00607881301740664	0.9115730024835015	0.004959551315005815	0.005046314180756715	0.0043157397781194845	0.004291580689554714	0.005530970849039802	0.004360037659568918	0.004369367922310595	0.004763889623619704	0.004058325960199371	0.004081096840658563	0.0037886530232983085	0.0038311773344747884	0.00375448445768288	0.004169413859471749	0.0036876295460909797	0.005289045360474739	0.0037416148860991514
AT_I1	35	Redmi	AT_I1	0.01601438312936121	0.01750933459987464	0.02180027830881036	0.6245594270306266	0.024929109314302724	0.022348515384037426	0.016588387744077015	0.016794441488342665	0.019118565352752342	0.017419919474701093	0.015395347090848771	0.02030739663567094	0.015193386406655334	0.015879563584391385	0.014517137775060354	0.014938415680593923	0.015159973443699045	0.0440977637636381	0.013994104813109212	0.019242766197367676	0.014191782782079325
AT_I1	37	Redmi	AT_I1	0.028753352687932006	0.03273320631199021	0.04014739119333409	0.24872895705811035	0.0313258945966766	0.03347441312128942	0.04699890571548966	0.03974406958845634	0.03378909948067885	0.03799761142972395	0.03047713424344694	0.03352388665971392	0.09888439180673948	0.033634986098826626	0.028693224110077475	0.0266593660017855	0.026918164160819404	0.057069399238898796	0.0285439210494304	0.03610985439776964	0.025792771048810243
AT_I1	45	Redmi	AT_I1	0.01759224077593189	0.016754064065180114	0.025456022199127525	0.5634368092294549	0.018688167475644384	0.03545955035333252	0.017025916055658598	0.019585608204404817	0.017527985857399214	0.018577370223481483	0.01970843845943714	0.02148117075748451	0.01786746689172511	0.01738001551424406	0.015707333633917003	0.01597267458248125	0.015531509565097967	0.07301056653794372	0.015390476295146244	0.02231586593908607	0.015530747383821502
AT_I1	48	Redmi	AT_I1	0.021728494626506775	0.022715250204022416	0.03146479616231866	0.45489455099551385	0.025119485425195865	0.028162609636992814	0.021854908207448984	0.030966879728328206	0.024337460668129904	0.0346337994140852	0.02580980665727685	0.035461166994188366	0.020736459422725315	0.022693061109315273	0.01988643584650201	0.021521301835149213	0.019568056874446724	0.07256974200874992	0.01935495560242495	0.026906521299313646	0.01961425728136512
AT_I1	49	Redmi	AT_I2	0.029465070304572693	0.030134866870349126	0.03670913037081365	0.10445940317608027	0.1443105344968192	0.11866422497162879	0.03968950227241658	0.039107697797536776	0.035447822768307775	0.03254330309857842	0.04954719409328736	0.03572544817024354	0.02876354852205039	0.03056091823895267	0.027634822083636136	0.03160639380053996	0.027339734276572873	0.0701292580247785	0.026935319861609512	0.033965677483863956	0.027260129317361877
AT_I1	50	Redmi	AT_I1	0.018521405313229808	0.018148847090397574	0.028015402326753966	0.5397737736278247	0.05586418074842846	0.04237244923836897	0.019711509091314798	0.01961495216797001	0.02017361489101365	0.01914086419981116	0.03078256181950611	0.022647838551050473	0.017698619403103553	0.01933816073235661	0.017133293077048733	0.017902428086821874	0.016900875489991665	0.020563156030325467	0.016605995313832583	0.022238001491693568	0.016852071309156134
AT_I1	66	Redmi	AT_I1	0.009400337234127169	0.011256498266523413	0.00992353281564232	0.7931202526088088	0.010957132274143295	0.009966308793333198	0.011917801721738452	0.014082706584697487	0.009624011850553862	0.012217975250233047	0.009296315148600612	0.012521295598018595	0.008789263991570135	0.010371078440149152	0.009095629435610191	0.010533841669407915	0.00839527435154239	0.01153294842634158	0.008280064247564731	0.010294499707695534	0.008423231583698279
AT_I1	69	Redmi	AT_I1	0.022473604660298203	0.02487745055118226	0.02922384421501164	0.3636035192112107	0.1410794473035994	0.03904128235958859	0.023908667722073472	0.025895362832348185	0.02563188376304537	0.024015479456229186	0.03763910177190915	0.02996899574399759	0.02216148153366262	0.023868802874230183	0.021395195886221595	0.023621352132482756	0.021046882467212678	0.026540404482145827	0.020719917980954308	0.032217729159636124	0.021069593892960058
AT_I1	90	Redmi	AT_I1	0.014439802380017849	0.018799526870691755	0.02716439918590485	0.6714679517344939	0.017540847256597932	0.020870659389266057	0.015951178567825144	0.015145357733224547	0.015487916395073771	0.015852451341462532	0.02026800170848966	0.016561108934441657	0.01344424143046095	0.01500772784773838	0.014239422973053657	0.013075505549291258	0.012837900511867744	0.020733873040909633	0.012610752899680739	0.01573654672455379	0.012764827524954253
