label	time	source	prediction	AH	AT_CA	AT_CH	AT_I1	AT_I2	AT_M	AT_O1	AT_O2	AT_S	CN	DC	DF	DG	ES	GL	HA	SA	SN	SS	TMA	TS
AH	8	Pixel	AH	0.3082709875061133	0.019186643885150963	0.019323354281647123	0.020010441167265632	0.019104390486940806	0.0191935982556812	0.01991752035776053	0.01976160430695057	0.01919847386615179	0.020486381032259124	0.0191615286885101	0.021314513353241846	0.025599212509715266	0.02190620448947766	0.018746046896028188	0.021161588305533333	0.26319811542187765	0.02148193534952926	0.0149373081676491	0.020528540112382563	0.0675116115601338
AH	12	Pixel	TS	0.15369550699556925	0.025277063708559342	0.02541579234664903	0.026304087836764876	0.025690736316365204	0.02477649076440122	0.026298617740603197	0.025818845810378216	0.02533243083502671	0.030712887211106352	0.027899364038591393	0.0505029066141034	0.026053649464023457	0.08293784299827138	0.02400709620933855	0.03839401446511994	0.04051235943902209	0.031885967170163766	0.019871065820583775	0.03274110423523485	0.2358721699801242
AH	17	Pixel	AH	0.7827902158546243	0.007988537360807044	0.008045610281076046	0.008432059496333646	0.007990559622506724	0.007797385400860343	0.008395637505228346	0.008176478081328277	0.007977424724851509	0.00791423936577764	0.007981820716109478	0.009374225389159316	0.008117956078799364	0.009287163808644465	0.007805168834294619	0.00852833238674841	0.009342523615858852	0.008707154277700854	0.00657245648128014	0.008697704257116155	0.06007734646089465
AH	19	Pixel	AH	0.6709501886951565	0.011360507490551099	0.011586380522027796	0.011818306374485023	0.011478977029036212	0.01120501918412419	0.012298055465502831	0.0115381476437961	0.011496165191252199	0.011289265558543825	0.011617305454647866	0.013790680557887841	0.013283530317027068	0.013781165805865738	0.01107751441569353	0.012194469945528722	0.014953098306313068	0.012371870864823045	0.008820179028708526	0.012205843292275653	0.1008833288567531
AH	23	Pixel	AH	0.6692398423732252	0.013755504388738021	0.013424400594156167	0.014574697691425496	0.013694907313574357	0.014192184863826994	0.013910104068079802	0.015930671457265778	0.01429585275001261	0.01485249629380664	0.013186500175915798	0.024614699331207912	0.013560969375022243	0.01927334515980297	0.013501856256654819	0.014910478860370198	0.016297727258025467	0.014761494506170286	0.010833656490264425	0.014356839239978152	0.046831771552476545
AH	26	Pixel	TS	0.1358830048923458	0.022230330432680953	0.022428144931366387	0.023281236515106773	0.022287914200626577	0.021686164628847072	0.023256388008073156	0.02265878521968259	0.022271683042042634	0.027823528594066154	0.02254672081132986	0.04610267956981273	0.02506854557142452	0.027700992035601935	0.021323380955291887	0.02438549774588427	0.075572964763609	0.033356843934145	0.01737639003702819	0.024557288753206324	0.3382015153578281
AH	29	Pixel	AH	0.5535614529628164	0.011325899170710963	0.011381393068219866	0.011607408389628437	0.011592896758465542	0.011004536585057761	0.011891416792878263	0.011674946885879613	0.011310909331195561	0.011090523024077027	0.011309869094879145	0.012744438774460675	0.012046244741751573	0.01302361004464823	0.011079829697754954	0.011928043524220324	0.011736194103500358	0.012597321120672305	0.008837814239769022	0.01214369254358565	0.22611155914582823
AH	31	Pixel	AH	0.710792079352595	0.009472886173734527	0.009401248808765496	0.009718258393569898	0.009437645523651525	0.009224444744223874	0.009674521036811238	0.00961829564112763	0.009603182861159017	0.009210966046048789	0.009342637797435929	0.01071761354529402	0.009541012690444498	0.011318460739553745	0.009002320137456358	0.00985812485579516	0.009640257868916336	0.01023718135244004	0.007300208254703294	0.010067950440131503	0.10682070373614243
AH	33	Pixel	AH	0.3654996188035773	0.01965197358647361	0.019919739421247275	0.020161098667900442	0.01985294304305847	0.019421590747632448	0.020384301180872824	0.019928798136006714	0.01963556015154233	0.020069960301226757	0.019606073439884103	0.022879405231991397	0.019664176682704464	0.022862441117362325	0.018750729678454876	0.06869804235183587	0.03245289408566756	0.02150155403773651	0.015298871808323613	0.021332730207325547	0.19242749731917555
AH	43	Pixel	AH	0.8966590904797758	0.004417518910642062	0.004432300570558739	0.004517909564573853	0.004404827146715136	0.004291797432778936	0.0045730609023517214	0.004482728589694584	0.004402165403178693	0.004403408902530375	0.004379644052960707	0.00496976540383232	0.0044462220606317025	0.004911476577723324	0.004241945874100423	0.004698448417236609	0.006196455880133559	0.0048134395475189036	0.0034328729011846846	0.004706355087879355	0.016618566293998823
AH	45	Pixel	AH	0.9132776699608973	0.003740840444168956	0.003755903089422849	0.0038273454016128135	0.003777675453191148	0.0036358669336303035	0.0038731414963271748	0.00378801027925698	0.003737564685950396	0.0037345022366936367	0.003710371119709308	0.004197263615999816	0.0037682043030142303	0.004098192864041963	0.0035905381228592674	0.0039903565634296975	0.00426450542434992	0.004081362170667705	0.0029075716273725383	0.00397711098962956	0.014266003217774229
AH	47	Pixel	AH	0.7402978153797158	0.00901885311216688	0.009202952346531105	0.009384958767146083	0.00923887479700058	0.009032973212921413	0.00961195429869012	0.009152890141677585	0.009134470083331216	0.008901525472860017	0.008973749906209753	0.01038575303496773	0.009480663984293591	0.010895958645670419	0.008680601475596968	0.009513666205855217	0.010151832404478521	0.009864409120655022	0.006998926547139506	0.009586160560388367	0.08249101050270399
AH	51	Pixel	AH	0.6620051012159802	0.012424695177773814	0.012280428488202872	0.012898928313076987	0.012925464654317353	0.011876454040752986	0.01269733158035388	0.013162686914109364	0.012745784510642332	0.01214860049591449	0.012119406876578151	0.017989710440743125	0.012373112148083162	0.017576691176451373	0.012029510428176451	0.012925415527504189	0.01576848335909272	0.013691396943212664	0.009471247076210108	0.012949786324351394	0.08793976430847247
AH	61	Pixel	AH	0.5193270039901888	0.017232536524723792	0.017548164322748593	0.0178507432808699	0.018526226538550662	0.01784400443612055	0.018282885643606677	0.017454725600410233	0.017620195741198937	0.01758409903852088	0.017338485196984627	0.020084867749741605	0.01858124446029207	0.024091435508902363	0.01711406767515903	0.019994613043344163	0.04188846215250553	0.019697203281451046	0.013284475348958465	0.018588981474541303	0.1100655789911807
AH	65	Pixel	AH	0.7601629262847805	0.00830985509594992	0.008376393698645911	0.008513906544302405	0.008289772013534237	0.00808640430863659	0.008602190781137721	0.008425678154587675	0.008293190671164172	0.00822029184513043	0.008302823785854207	0.009300349718589417	0.00861188763839785	0.009722213014045815	0.00803921676118349	0.0088147081451035	0.010417694284027735	0.009103382859977211	0.006475888441992214	0.008869054869103993	0.07706217108385488
AH	68	Pixel	AH	0.7534114383715882	0.008715576105984028	0.008754978334306506	0.009052058286262456	0.008694456007215471	0.008473693865142693	0.009017634652086735	0.008834750132482659	0.008883853731350007	0.008602232010362972	0.00866748267559237	0.010221088378324222	0.00886929488445192	0.00950997242620835	0.008525817064454646	0.009213427809901975	0.012639407505642056	0.009502167946013905	0.0067771285648254055	0.009277972699169296	0.07435556854863441
AH	69	Pixel	TS	0.08433500594341832	0.022271043990055497	0.021931640282369026	0.024717517581867462	0.023036835701787557	0.021783054410384403	0.02304374867653887	0.022489269919219998	0.02188964470485047	0.023274244333174487	0.021524414313701862	0.02916149174896898	0.04453999743312077	0.030782385815355605	0.023163903566444613	0.029285638642030935	0.06517860230034121	0.024615776189709837	0.01722915987792678	0.024875949434557117	0.4008706751341762
AH	70	Pixel	TS	0.024874601436176064	0.01206301742592953	0.012589171303606666	0.012856175586265794	0.012349783582393522	0.011807783984239791	0.012642832871645672	0.012544907104494159	0.012105325621500388	0.016227699159760686	0.014822835254537862	0.017797145884241566	0.012428682819199363	0.019499084538063965	0.011611430463329566	0.01560909019390386	0.03259310809583026	0.013807898621531416	0.009490181718740038	0.013303691197809893	0.6989755531367999
AH	79	Pixel	AH	0.7970617100764482	0.007950556660269194	0.008088784826085637	0.008368467831154398	0.008490522767282595	0.007827761543790468	0.008589162405774588	0.008056878008064105	0.007919870389399274	0.008015574933299416	0.008105734071313871	0.009369981624659367	0.008025692599549654	0.009810934396694674	0.007750653732040059	0.008383850991127881	0.009340004415040768	0.008833741180200373	0.006307476711015566	0.008437367545782374	0.04526527329100748
AH	80	Pixel	AH	0.8789277996031838	0.005036870707871025	0.005049781571769739	0.00522358884299132	0.005157542438091756	0.004889715676925044	0.005367107761279905	0.005100472503953037	0.005017444037630829	0.005009090785604627	0.00498861828304953	0.005694877234570211	0.0050736950918542955	0.005699151268939223	0.004829511184121142	0.005325195596316993	0.00609971790700965	0.00558113419853203	0.003901659511093394	0.005344239465271152	0.02268278632994126
AH	84	Pixel	TS	0.01708748423516072	0.006072963736347021	0.0060957133585883855	0.006435793509759468	0.0062526195796785925	0.0058986196395205874	0.006509068916963985	0.006180943174500038	0.006057317735500774	0.006166398939046977	0.006146278473862063	0.008673297455279741	0.008184369406892872	0.00762787081831386	0.005806434097573235	0.006525510354331443	0.010244213248000506	0.006465601924888469	0.004733426844100527	0.006476678975855696	0.8563593955758351
AH	93	Pixel	AH	0.6957454927887619	0.00932521619086154	0.009255361302982735	0.00970757708813048	0.009156126803684932	0.009089177564692106	0.009517962243002293	0.00933052968693762	0.009179498696212774	0.009037502561302686	0.009157710114227086	0.010173342589512236	0.009273497200220965	0.010029596127041138	0.008844080498288808	0.00986897539024331	0.010156781798430452	0.010036684534449931	0.0071596371847419795	0.009807351955513395	0.12614789768076184
AH	95	Pixel	AH	0.8551006700882792	0.005733416326698623	0.005759555223370846	0.005957624268897995	0.005788064311366843	0.005576245008402261	0.0059387123798560525	0.005895480346325308	0.00572106553985181	0.005798717908381714	0.005699037828627622	0.0063960248469923115	0.005902242829095508	0.006602105772303518	0.005513785028469883	0.006067721379143054	0.006327992685497874	0.006373242050560159	0.00451006051705779	0.006100576208138995	0.03323765945268264
AH	96	Pixel	AH	0.5948632997868342	0.016077049356815337	0.0156663421230983	0.0164548270404861	0.016072246806323624	0.015660447320224157	0.016460452149649436	0.016573526143833436	0.016596463136977893	0.016564217163224287	0.015440543019579528	0.026425300423530394	0.016171570141562362	0.026060795313213647	0.015279103767363278	0.017315927097142712	0.02853374282436089	0.01745826850009834	0.012347225258971625	0.01701089719800243	0.06696775542870814
AH	99	Pixel	AH	0.644051138622985	0.010621041936918586	0.010674801730397282	0.010879233201114521	0.010598414648032314	0.010324369330997394	0.010991047969945987	0.010866283134436069	0.01060532598708009	0.010430750574184975	0.010590311865491475	0.011811975646861088	0.010884070999399946	0.012397461462080747	0.010237909044577291	0.011227353824952884	0.01419611378974635	0.011613779399142612	0.008369263209201817	0.011319070299785641	0.1473102833226679
AH	100	Pixel	AH	0.569703049518512	0.015590962225815073	0.015638858484391952	0.01621333886507835	0.015609616444390882	0.015147444505457523	0.016530286570907292	0.016551781926068085	0.01575825292718922	0.01627167535945562	0.01545389898194527	0.03203524749140998	0.01574905708697048	0.021078853868103993	0.015003641000987293	0.019138624606676518	0.025494149795899295	0.01699092412520537	0.01208021637669149	0.016735801571646447	0.09722431826719795
AH	106	Pixel	TS	0.11354580163678919	0.018152254889702953	0.018347261604564836	0.019637807966841423	0.029776627620260426	0.017860702968457834	0.019249556046393026	0.018589541035637952	0.01826629478697772	0.018693718555488282	0.018652482456552814	0.05374645010260372	0.0184827656771122	0.02139342298513136	0.0176877637972146	0.02032131262236131	0.026280059314082987	0.019726624685126416	0.014155541171829806	0.019202381552784215	0.478231628524087
AH	109	Pixel	TS	0.1142134663498757	0.02207851175679539	0.02270964827111269	0.023204018299361202	0.02234530408236118	0.022466105352464925	0.022949299969047026	0.027477290228962795	0.02253321217687512	0.023509690946214707	0.022516970062437677	0.030059282723344172	0.0266187258632455	0.028093059830748435	0.021259180644185433	0.024413027098992356	0.18292859405035836	0.02418092313543776	0.017283836646811847	0.023762179411402247	0.27539767309996555
AH	111	Pixel	AH	0.7565027508502914	0.008619662539719124	0.008798558557970753	0.008832690419237354	0.008746273793802259	0.008385216487322591	0.008919028082066132	0.00873668944210134	0.00860470795110314	0.008530209739618853	0.008675807424681093	0.009670780751911178	0.008765507361818423	0.009930462174545091	0.008405463479299576	0.00913260084593135	0.009774770800385552	0.009423353825916997	0.007601363142029681	0.009303255821392159	0.07464084650885623
AH	120	Pixel	AH	0.621021943634933	0.01329933121589437	0.013263878297572498	0.013859962370239008	0.013109884211206055	0.013216085704547	0.013594990109434492	0.013885702366092876	0.014080398232439131	0.012998134570784038	0.013014682095166633	0.016219336569702925	0.017775683562223525	0.01644559899636831	0.012827200023800283	0.014285531926794647	0.016828950764174434	0.014384239443740449	0.01020395970255303	0.014652116932568838	0.11103238926976446
AT_CA	2	Pixel	AT_CA	0.010989243687929834	0.7670048010085672	0.010077511890336644	0.010982465317976586	0.011869257503319894	0.011146173034489453	0.012329719178029098	0.011557994911668486	0.011109379993329298	0.014939402486736876	0.01047237044290597	0.020618454330149125	0.009814527870571554	0.011630890553197833	0.009548108270252395	0.012320056599385638	0.01236098921174168	0.01099436534088642	0.007754553721918566	0.010890005169221428	0.011589729477385898
AT_CA	5	Pixel	AT_CA	0.004278268829284735	0.9085624862826251	0.004190982082782036	0.0045821187260584725	0.004859308053141759	0.004188538370449308	0.005229409191479704	0.0046374294948405516	0.004324655456094923	0.00553919716021042	0.004174422295101385	0.006245844825809746	0.004026226309600955	0.004964942242646535	0.003980328324071207	0.004653663031576097	0.004627989515021659	0.004832143421362776	0.0031961364662721967	0.004386833115802059	0.004519076805768504
AT_CA	10	Pixel	AT_CA	0.012059850323450168	0.7180502238471258	0.014095831275635344	0.01570373922340056	0.013693246213281203	0.014779211677704846	0.02129982872200552	0.020442921446297942	0.01450858919767435	0.013015378905888848	0.012634412171566146	0.013896063434632672	0.012373558463776975	0.01548833197046309	0.01184600295457308	0.014763740431501365	0.01269009429417966	0.014033140180564212	0.009174974496359413	0.012875071851355505	0.012575788918563275
AT_CA	11	Pixel	AT_CA	0.00988846823942076	0.7779895519129456	0.010035088892862623	0.011952119456694665	0.010070369331939335	0.010033479259403595	0.01530409395193731	0.012680891061090499	0.01069460296233247	0.013175353145288445	0.010076178438669908	0.01279983367506027	0.009436905127292033	0.013409665314923476	0.00995286149494313	0.010197732026826984	0.011325776891495795	0.011951977927675644	0.007367596867872917	0.010462271743025412	0.011195182278298837
AT_CA	12	Pixel	AT_CA	0.011867305205015525	0.7426910226861758	0.012236609368502202	0.014261768332731987	0.01422050700930551	0.013310781914096072	0.015011009979062547	0.012761268312016263	0.01359218656827168	0.012508809473036597	0.012574684217407484	0.014152384004456854	0.011124139513209863	0.013903356560193758	0.01058479940930453	0.012357188247182621	0.015383955948522387	0.013834705825807958	0.00849190961360622	0.012148617248321641	0.012982990563772383
AT_CA	20	Pixel	AT_CA	0.004296446861954779	0.9072302222209254	0.004267545975390321	0.004404718478201888	0.004614994573543023	0.004138957386125079	0.005327921566101178	0.004652419446861035	0.004347293414416422	0.007127822885600717	0.00413347097275645	0.0068259422586470905	0.004048499701052174	0.004677048859118287	0.00399863682209741	0.004508163214413238	0.00457832403932565	0.004902869994591605	0.003213820915774429	0.004336315531477413	0.00436856488162644
AT_CA	23	Pixel	AT_CA	0.013353315633502975	0.6898375608668311	0.013152078759648932	0.015410042281587785	0.013155954527486524	0.01377590522606023	0.016726382339941597	0.016975815385456606	0.013998222563722552	0.01671906601480863	0.013308050192373574	0.02478469807395803	0.012985334274593287	0.01993747315079111	0.015452562370468194	0.017745945639070816	0.014634074570949056	0.018260507084907375	0.010047539524484452	0.015179976701107654	0.014559494818249493
AT_CA	24	Pixel	AT_CA	0.009303180437468701	0.7900062107263827	0.009293267833081587	0.010472285622428261	0.010108239576112186	0.009140625598945898	0.01654866953687153	0.01150756346923749	0.009953137706408629	0.013631192306879775	0.00934793218514169	0.013511927752266475	0.009048515983958045	0.010515939492686999	0.00905591337136278	0.009596062355001406	0.00999726585280242	0.012295865554376185	0.0069363973053799734	0.009371508169682751	0.010358299163524414
AT_CA	26	Pixel	AT_CA	0.007400961717536014	0.8438388416204521	0.007468468121231623	0.007905864781944674	0.008463433707136732	0.007227236136327193	0.009486146891857608	0.008278750516885468	0.00837199436224655	0.008773217256768684	0.007082452132005433	0.008623468129809889	0.007044124993120371	0.008203970911692464	0.006718480937933501	0.00761580702713389	0.008835874106855334	0.007997311989945008	0.0053932612885384534	0.007571860939796211	0.007698472430783086
AT_CA	42	Pixel	AT_CA	0.008489450186271313	0.8079435324666117	0.009276238133449159	0.010821213831515077	0.010686212351729023	0.009246355656452066	0.014544715494903658	0.010251585375982225	0.010343687269395161	0.009727310956350689	0.008494028241752624	0.010198077616597669	0.009244373662149159	0.009174997791473495	0.007982187957747702	0.009061994042485061	0.009555406873132256	0.01033613612739952	0.00643907837879332	0.009164155277336897	0.009019262308472215
AT_CA	46	Pixel	AT_CA	0.013283214036354471	0.6952722446712082	0.013845180300418659	0.015068708754082958	0.015129771214792658	0.014821656755991201	0.019705439982070368	0.016845180203838094	0.01807303088551475	0.014563583914728897	0.01385002526158991	0.0153658287872606	0.013372741900446064	0.018997258446856142	0.014614300343962602	0.018314098778719288	0.014994626250712271	0.016272200795723526	0.00992568032226202	0.014120740820491695	0.013564487572975912
AT_CA	51	Pixel	AT_CA	0.008785553081225533	0.8027503530417356	0.008911236743562256	0.009471565320171928	0.009699971840086839	0.009002964723116414	0.011021565547663821	0.009597033764048033	0.009740785361388322	0.01169109670318364	0.008856133523440356	0.016173936242065014	0.008547835255256125	0.010598006399366868	0.009013566949285023	0.010251928174010763	0.010236595329998313	0.011002744366089036	0.006562285418418629	0.00901318851896996	0.009071653696917705
AT_CA	59	Pixel	AT_CA	0.012497419398751625	0.7201062608538691	0.012868566846527941	0.016698202646466768	0.013812895741811937	0.01444511043537549	0.018415713659296836	0.01733014378122053	0.01486544545213927	0.013495076481336575	0.012585270124665664	0.0152174122547931	0.012158960188311058	0.015038922902527771	0.012377495524988723	0.013933463695902301	0.01340644684357213	0.015236764728946238	0.009159739983492225	0.012844799969771224	0.013505888486233417
AT_CA	61	Pixel	AT_CA	0.013639966361472688	0.6853575729262623	0.014166421890587363	0.016093961838709953	0.013526926375485386	0.014761126229711966	0.020190376796979267	0.017103342905785354	0.01640441326186095	0.017332090344702154	0.014647352688685155	0.016115090036563706	0.013308326883883538	0.019369661920805706	0.015950573177978968	0.016325161493451056	0.015329098345205865	0.020963937373675627	0.010224827330963429	0.015034578384284562	0.014155193432945346
AT_CA	62	Pixel	AT_CA	0.012370134591247122	0.7292963343834463	0.01321387896727421	0.01476641012574716	0.013022064908699688	0.013947464999485983	0.01502748999769543	0.014524038759144027	0.014640783821589917	0.015104017247207988	0.012456268549820362	0.0163069154437425	0.012208348587615186	0.014557246891988337	0.012008907389751012	0.012543516492731104	0.014486035552460317	0.01459165249125517	0.008920592216816908	0.013146213468251738	0.012861685114029565
AT_CA	63	Pixel	AT_CA	0.010700606129542156	0.7514266242563302	0.010597629011879963	0.012599887398054522	0.010602520926515554	0.011236456808348868	0.015077899619917151	0.01280874681425313	0.01163190751514867	0.01694328848930676	0.010350882433864209	0.025097022512298343	0.010261798869893734	0.01301766426955983	0.010699219145299466	0.012315888162791938	0.011457489534155823	0.01289814458401938	0.008045908833434486	0.011397296566316256	0.010833118119069582
AT_CA	68	Pixel	AT_CA	0.010692080608134999	0.7661389112471294	0.010965621895294275	0.011410306647079281	0.011466632520365803	0.010927781245382804	0.0128237279134408	0.01130021869497334	0.011386610204683196	0.014875741791251432	0.010545162503241634	0.017718503088512614	0.009716093635583348	0.013093725314196654	0.010754333097379363	0.011212691598929472	0.013300456781267072	0.01273253792208357	0.007708326872502187	0.010774242541157142	0.010456293877411644
AT_CA	69	Pixel	AT_CA	0.005550196094501402	0.879737908050713	0.005457267792649605	0.006151530016967658	0.006267640832690018	0.005529002645119318	0.007966448031789558	0.0067298811825023	0.005952565683154582	0.006675100370779817	0.005341345905345693	0.007098426417439177	0.00547880839547528	0.006448898743979239	0.005156839059589874	0.005837927407350612	0.005991335955375132	0.006923279100305844	0.004142786272974216	0.005683170472810806	0.005879641568486952
AT_CA	70	Pixel	AT_CA	0.011274559324513083	0.7497290730962545	0.011386026743863568	0.012276767089575619	0.012269471960254645	0.01102290883787791	0.014761574287518762	0.012523823573368975	0.012915393914652329	0.01472695522584412	0.011894318256679628	0.0175181159301319	0.010950224150514503	0.01391072448422145	0.011163765213666374	0.013570793927827025	0.013528377894309485	0.012292265105788671	0.0082696508578059	0.012160603029042781	0.011854607096288805
AT_CA	77	Pixel	AT_CA	0.01373420581859332	0.6826123253125136	0.014642636275439698	0.019813242413937775	0.014228282468740867	0.016028731987628726	0.017915934449947667	0.02015499022746681	0.015446574688313862	0.01617309085721235	0.014601959717576706	0.017364330677870462	0.01321191620712338	0.018673373209718583	0.014437791321760063	0.019007533880417257	0.014449138527671723	0.016578811237292407	0.010351513322633475	0.016292751913093102	0.014280865485048002
AT_CA	80	Pixel	AT_CA	0.019370013274564363	0.6682198457790449	0.01643209407258287	0.018496462645099264	0.01782175920060702	0.014965241392234622	0.01713369821740443	0.017564132081753572	0.018543913051117702	0.018306686557379763	0.01453845671906381	0.016671026600684404	0.014027036773896405	0.018336907119790226	0.01342886581049601	0.01617331940548269	0.020206960129455602	0.015857817249602228	0.011028404422017782	0.015037179690543304	0.017840179807178717
AT_CA	81	Pixel	DF	0.03188158937176326	0.049970807122746354	0.0331790935391994	0.03368415150211041	0.03575611880208284	0.030635899217666095	0.05615672189408462	0.03628286955367203	0.0366602132209989	0.06361905754132441	0.030241386901649712	0.24724237922295633	0.034472191871119925	0.035589831774395196	0.029180841535069828	0.03576194516470389	0.0427718514196413	0.03463536874875668	0.022191418836057835	0.031150440686512796	0.04893582207348828
AT_CA	87	Pixel	AT_CA	0.009743325224028161	0.7699647112267882	0.009929214915594073	0.011125215653553108	0.010101363312144231	0.010673153248559745	0.01236688556110051	0.01074781488179883	0.01059421284921045	0.012144891098024472	0.009707450053015765	0.027097472380936315	0.009495758577815401	0.013541679687775445	0.010250457084602507	0.01160461405788763	0.010829916161409558	0.012270355086060773	0.0074303730738762425	0.010178587484814868	0.010202548381003864
AT_CA	90	Pixel	AT_CA	0.009463853585317298	0.7949557196118232	0.00928531313641936	0.010748277712162038	0.009109496490126705	0.009274313594244065	0.016467524314748117	0.010659873902366005	0.010045092533349332	0.01198327654480841	0.00909529033239627	0.011230519395651787	0.008872109893218422	0.011138671431009238	0.008631090135688803	0.00958626811231087	0.010683628319585387	0.01104095599480217	0.0069537426491930775	0.010754364095365718	0.010020618215413953
AT_CA	94	Pixel	AT_CA	0.007990302541144202	0.8259937994643581	0.008541367185371273	0.009582362492727578	0.009195548183350812	0.008021651686815	0.012733121432213815	0.009734547683034835	0.00940192716896009	0.00934894183088705	0.007802925626759843	0.009649956356766692	0.007647031948108173	0.008714996760753596	0.007643151682287415	0.008136916732762069	0.008606740304361689	0.009137423016594579	0.005863878073251285	0.008070916236896066	0.008182493592595833
AT_CH	2	Pixel	AT_CH	0.022899120848973154	0.02409046527110715	0.4746416552891707	0.04746309623335538	0.02503210047739063	0.03192161678803625	0.030478856765841996	0.029837293985418515	0.029315426857660823	0.02276831263789119	0.02514096025341192	0.024792874444118942	0.021590555763915154	0.027702557748930153	0.021952102935536483	0.029017374744259007	0.022491959170872405	0.02274309835078644	0.016649467663989816	0.024492315272469114	0.02497878849686486
AT_CH	6	Pixel	AT_CH	0.013853367164425076	0.01562558933007172	0.6747210697610053	0.03301317641252814	0.01532399150692162	0.025104289925538936	0.01759368236339	0.016545667075720357	0.018708563522500707	0.013576954906201711	0.014164526726682796	0.015016021833845388	0.013060557638087627	0.015162451993800313	0.013064999663621691	0.016631459136588006	0.01435723879078209	0.014428654153240277	0.010446627563675261	0.015115107014528652	0.014486003516843992
AT_CH	8	Pixel	DG	0.04200163234043424	0.031727049950497806	0.03373359948931292	0.05272371375188611	0.03402446549871125	0.04113822210434294	0.03251880707659989	0.0316310497587203	0.041834701198532755	0.03619459984350428	0.035249462079147274	0.03337070361950603	0.23184921572637737	0.03782875146842759	0.028132485574454982	0.0376063532615804	0.05777264353035117	0.032352568660973045	0.023150000703414282	0.04839960040732063	0.05676037395590469
AT_CH	10	Pixel	CN	0.027495058642418184	0.02409544818854813	0.025336150651123664	0.03515846361163474	0.025590810999198563	0.0317732216213773	0.02891555564401827	0.024194036187051585	0.033684544465019416	0.4368198498728201	0.02560853553907227	0.032664126048050586	0.026758351436894746	0.026949280615564935	0.021881734597331864	0.029946640917749675	0.029722289461688943	0.024495196359473396	0.018842063921561847	0.03749815453873406	0.032570486680667754
AT_CH	13	Pixel	AT_CH	0.013965301478450041	0.014187239004263252	0.6884369490569981	0.019224673057040585	0.014581664552507851	0.02805736238028288	0.014808551816124471	0.01459829567670198	0.019585064845944262	0.01313902974684538	0.01563746459979002	0.014426791231703038	0.013193367406754454	0.01568216665715587	0.012525975722773471	0.01606717432605386	0.01469951000857924	0.014241107528365568	0.010507689181493628	0.01754535534720026	0.014889266374971732
AT_CH	16	Pixel	AT_CH	0.022514088000148307	0.02244389465731842	0.4590577121376706	0.030977164219874162	0.02322174487538314	0.0396662164014364	0.028347788678596664	0.029739610563369816	0.05326784332516358	0.022223945436730265	0.024952130785436802	0.023668902602273507	0.021232907304672873	0.02566604935621232	0.020583390251994932	0.030275544792069255	0.024900470743409484	0.023740170556568397	0.017344797411641435	0.03184848106648687	0.024327146833542628
AT_CH	17	Pixel	AT_CH	0.01189493769337589	0.012243152720456927	0.7414951744919775	0.014635068019826796	0.012715697290510431	0.013324030390883502	0.01280281128431998	0.014526914279878749	0.0165018846126456	0.011578836769588822	0.015069597540082004	0.012252580657510196	0.011868930518942025	0.014067601355835138	0.011174859783576751	0.012930276653496746	0.011644813564082153	0.012572372485941088	0.009296183118630492	0.013487881810623091	0.013916394957816386
AT_CH	23	Pixel	AT_CH	0.021431238517816153	0.02030011965522086	0.5452795127505873	0.028464698547789602	0.021396761382424526	0.02542156168007944	0.021411834979147136	0.022681455620565942	0.02641932999306218	0.020660260322128476	0.03284083790185622	0.021313968849860174	0.023614795977898142	0.022848026556302515	0.017877240995090138	0.022964485097234418	0.021409523721926137	0.021883686990041548	0.014742751804383607	0.0216694535615048	0.02536845509508063
AT_CH	31	Pixel	AT_CH	0.009197835867124035	0.00992720989606006	0.791393589739874	0.014572111901562915	0.010402518441148268	0.012742681258072232	0.011924850586570617	0.011334394827018687	0.010968241072647192	0.009424861030348189	0.010647811344284448	0.01001026911384022	0.00913506749003674	0.010582421636949849	0.009233732737241328	0.010970979037267865	0.01000820792568408	0.010077864997130266	0.006965525742160534	0.010184841285937708	0.010294984069041002
AT_CH	36	Pixel	AT_CH	0.008317796719852775	0.008039964867186864	0.8257184015911356	0.012818628763119752	0.008045965727866625	0.009729060691538628	0.008711056579003944	0.008437220295883086	0.010321628355783714	0.007804076839788611	0.00991874132740968	0.00826294072258434	0.00788734833390402	0.008563166037415679	0.007296271798104862	0.008587220473082762	0.008151117484579563	0.008319386427424257	0.006074877049043781	0.009593585097774856	0.00940154481751677
AT_CH	40	Pixel	AT_CH	0.015397157975187346	0.014401844165171073	0.6772987536409618	0.029191727801961588	0.014869708757099389	0.019568610953115018	0.01561310784000083	0.014696392322962937	0.014868982791977155	0.013751285506270344	0.01648977597848845	0.014827402515803107	0.01362064196481951	0.01671014368861618	0.013337870256605011	0.016277375765893894	0.014129005004774289	0.01469231644103226	0.011436924403001982	0.02193256885753477	0.01688840336872299
AT_CH	42	Pixel	AT_CH	0.014768045614212667	0.014541263048213533	0.6487615021143266	0.04366451350250633	0.015145293552027143	0.02026147954886024	0.015485071955605365	0.016380714000223128	0.016645610789414966	0.01652090327801992	0.01927119761096895	0.01604005290171507	0.015754315294786207	0.01571084649347183	0.013616456547936924	0.01599986068058882	0.015293964785795854	0.014992651872096413	0.011638310027501035	0.02224368574378561	0.01726426063794351
AT_CH	46	Pixel	AT_CH	0.027514212468047115	0.028281160306040047	0.34840931771165196	0.03511867093334537	0.029024611170001283	0.035477031514817785	0.031324033901891465	0.032289387959474496	0.04115644509937551	0.02797901294799405	0.02884186113545207	0.07070432481557544	0.027097186004607334	0.034472521958039314	0.02800127853481324	0.038809833094508604	0.027594863256981676	0.028281057009299424	0.019515542045000497	0.0326396491284735	0.02746799900460987
AT_CH	50	Pixel	DF	0.03205947781937912	0.027743673935749964	0.05274270760546592	0.05392942591379415	0.02879742077606985	0.03799752063779848	0.03818122249851929	0.03091046692272967	0.030589229857690966	0.06513518120892892	0.03577857122162137	0.269817092176322	0.03019638920840009	0.03125592638428403	0.026900571845449302	0.03588875800839834	0.03159551110098505	0.02984577170166936	0.022829170402923118	0.04339722746956198	0.04440868330425901
AT_CH	56	Pixel	AT_CH	0.009667068385041116	0.010482506684301498	0.7924984262336323	0.011914677446376124	0.010125133810531366	0.01097725392030322	0.011502823370588245	0.010575297245381787	0.012484880915304435	0.00960238195928003	0.011327868777389392	0.010197628067944881	0.009445719632339493	0.011469908358907833	0.008935571424198215	0.009813304427556097	0.010357574640874025	0.010252337431549848	0.0069852765773074175	0.010892994920136422	0.010491365771056343
AT_CH	62	Pixel	DF	0.03238395724188319	0.02978205888487426	0.055702016136480986	0.035738816692816124	0.03030153983323782	0.035387456838752135	0.036121011068491526	0.03316940210899257	0.03723987686014812	0.07942860072896281	0.041553178153904816	0.24667926868277637	0.03284887211741321	0.03257521626955952	0.028433248318793933	0.034196462713507875	0.03451404319218406	0.03278399732112497	0.023109989686709104	0.041539285502818775	0.046511701646567885
AT_CH	72	Pixel	AT_CH	0.013722383948929795	0.014619285697267344	0.6913101437726672	0.01638948815643934	0.014448953047488472	0.01639695929655287	0.015522094788647281	0.014100294880083845	0.016446857414016563	0.013591081235839027	0.01751095916682976	0.014160287154328481	0.014393222308932254	0.01749214808892719	0.015733162536789875	0.019917824739781324	0.013904713254311292	0.014563786612164361	0.01050334420432099	0.01980913148009674	0.015463878215586053
AT_CH	75	Pixel	AT_CH	0.008031922111715165	0.008195588715852666	0.8233061519834421	0.012105167151141004	0.008535956913549502	0.00998292083718003	0.009124819302645849	0.008827285187216377	0.010481289229422416	0.008218579741977344	0.009306258511189599	0.00887403631608912	0.00810632938419365	0.009041592760102477	0.00789533474924904	0.008577982923846176	0.008131441151367436	0.00862455934996528	0.006056265746231711	0.008885022388533203	0.009691495545089962
AT_CH	78	Pixel	AT_CH	0.013830081179701921	0.013619115714104594	0.7015761924462456	0.020284892137228377	0.01448697518277873	0.01762913761611865	0.016058246630202493	0.014424779195457569	0.016277759876001864	0.013123825968694554	0.017366070359550553	0.013718908411267196	0.013995791960395906	0.015229509481210832	0.012745018687522976	0.016420194579491988	0.013757235357926573	0.013373684667358901	0.010165155640706625	0.015121170164061518	0.016796254743972897
AT_CH	79	Pixel	AT_CH	0.015601164571439225	0.016606753525900853	0.6610627099620111	0.029830547611451024	0.015763891209062394	0.01961543999777217	0.017781326114559758	0.015974651901318852	0.01788021010027654	0.01498156115453525	0.016998487765432814	0.01702395399503972	0.015235942102089301	0.017879605585708228	0.01377073402682639	0.016232101452801562	0.015105661318494414	0.015221323130133212	0.01100918152322062	0.01994444593340869	0.016480307018517975
AT_CH	80	Pixel	AT_CH	0.014903836674589908	0.01446842596757593	0.6790314082097314	0.02620263205350209	0.01520413215344631	0.021649662080157717	0.016389227515985576	0.01562669599077829	0.017794343471941206	0.0144998605478225	0.016852191755561297	0.014905874125095584	0.013647467650213727	0.015935534619651838	0.013101602285211952	0.015721694888729522	0.014129339158024607	0.01472332860060478	0.010845573361130288	0.01750094047126049	0.016866228418984903
AT_CH	83	Pixel	AT_CH	0.014744361731329075	0.014033402706926169	0.6907595818886415	0.018975871241416215	0.015958634808868524	0.01926262672633252	0.01430165160812946	0.01545788785013343	0.020762366219067362	0.013457124897680287	0.017717974867376734	0.01417235644578218	0.01446153291730656	0.015233479535302562	0.01314521391413919	0.01583530452993862	0.013748376673031023	0.01451140877349449	0.010530230796234242	0.016462036891200394	0.016468574977669265
AT_CH	89	Pixel	AT_CH	0.007755687642513387	0.007567222383707902	0.8330366900681295	0.010003569831723343	0.008957640684755545	0.010488205542931329	0.0085735504646103	0.008627635955448909	0.009514674899599538	0.007505736096910219	0.008575977557860862	0.008111631520406322	0.0074303083547224286	0.008250090461896339	0.00703526116458736	0.0087211555817571	0.008143193715230371	0.007883476993935611	0.0057627832175726245	0.009029022715615283	0.009026485146085539
AT_CH	96	Pixel	AT_CH	0.015884033489725214	0.015963813179108867	0.6665104232960823	0.021375640502929893	0.016612130700878323	0.02000542251209301	0.015520729292655215	0.015161584432316225	0.021099002320322666	0.015982836898425723	0.016415447787056475	0.015555274299907525	0.015643485831127246	0.015488715290329238	0.013855176624397295	0.01720725608320403	0.016099079205771985	0.015849135037851205	0.011353453000615061	0.019450063797759584	0.01896729641744316
AT_CH	100	Pixel	AT_CH	0.008473442279055625	0.008746610219014217	0.8088450369062664	0.014358040698184043	0.010462141705631242	0.010088894393387787	0.010153094883657543	0.009659205308060723	0.011365957306569134	0.008553026164417058	0.010661834963228242	0.00943443267327548	0.008599208199241561	0.009054816245483212	0.0080764024143372	0.009219839059150524	0.008885859527209073	0.009391328151916867	0.0066867988321355105	0.009602252207107517	0.009681777862671041
AT_CH	106	Pixel	AT_CH	0.021127642016275115	0.02207749551696243	0.5308905003770789	0.032914677424960424	0.02323658178553017	0.02171495680929782	0.03121936708691362	0.029978343853999046	0.025315677504533715	0.021983540685565035	0.02137051465318799	0.023291569421979123	0.02002158294596605	0.026995551212042532	0.019646531140337424	0.026214385646956585	0.024393972185021925	0.020749091540872948	0.014907469034170269	0.021348276986232748	0.02060227217211623
AT_CH	110	Pixel	AT_CH	0.005781818076671233	0.005996406127668406	0.8735733607306091	0.007544822610264615	0.008194464926652293	0.006136123181623215	0.006717035032813018	0.006313103117060647	0.0113810057496251	0.00564998789495547	0.005956203442911542	0.006080145908132988	0.005550854240484928	0.005990233440909535	0.005342297066571602	0.005985089724619979	0.005797921198245154	0.005911471703040891	0.004304110283805225	0.0058547159108296755	0.005938829632505267
AT_CH	112	Pixel	AT_CH	0.0033363326702179484	0.0033597982642573658	0.9287104343610311	0.004085257898895184	0.0036503410494824243	0.0044797219685533945	0.0034670135191885586	0.003517609070452289	0.00493682734022474	0.003308252796504218	0.003464824168907122	0.0035605386959190327	0.003200074886167122	0.0035043080462763016	0.003181669865473342	0.0035051319393395383	0.003387055752128483	0.0035190255527664262	0.0025311731488016726	0.0036865162956772023	0.00360809270973643
AT_CH	113	Pixel	AT_CH	0.011963801747109112	0.012486289095566282	0.7314137258838019	0.019009408982556843	0.015129600189600098	0.015515335319529606	0.013579021849043834	0.013575488589492103	0.02245318748338174	0.011859326315287223	0.013233250121506727	0.012574187483702598	0.011889286114124835	0.012156201573553268	0.010864507969078483	0.013057166149959033	0.011967608624523455	0.011995972984707058	0.008781277424718256	0.013495550093925245	0.012999806004832087
AT_I1	2	Pixel	AT_O2	0.03287974218304553	0.03393301524383398	0.031715413792783746	0.08683293603255174	0.030581480759965668	0.049690813795931474	0.0324754572489083	0.17810849017152033	0.03420829091413761	0.03178860446635368	0.030781524863609137	0.046036313496985996	0.03292498255048743	0.06383393512490637	0.049919685008883684	0.04234498191321461	0.03941021851908747	0.03583475465901081	0.024259062508624377	0.05148895437401662	0.04095134237214154
AT_I1	3	Pixel	AT_I1	0.012223712706989949	0.012398899856413721	0.01136534042896507	0.7397279417248765	0.011406964043501082	0.018341587141221097	0.012821310486025497	0.014457423171624018	0.013059875409926584	0.011582074583644558	0.0118372599262393	0.012969350938564049	0.011657643364130648	0.01486768399623946	0.012704525070132519	0.014671236011463053	0.01267506445759097	0.013223091979211439	0.008911492253238566	0.01691427438717732	0.012183248062824729
AT_I1	5	Pixel	AT_O2	0.03212116461598981	0.03149922187104946	0.03433686058303085	0.07798934755156331	0.030342510869259605	0.05338769290957785	0.10569860342935163	0.1926418089289584	0.03507034101322608	0.030060012009548397	0.036026177208297885	0.04856241604971972	0.03186083839062245	0.03419329026213056	0.028096434625051958	0.035149580124743424	0.03390530720692753	0.0315420212527312	0.02301636172428055	0.038970014352375744	0.03552999502156347
AT_I1	6	Pixel	AT_I1	0.027652354447501647	0.03513091947073305	0.028596459015457126	0.3732526118069848	0.030320843644500918	0.02964386942681159	0.03456786289515874	0.03225728893729533	0.03197415921531661	0.045531878618227495	0.02618657394624539	0.04843328238174223	0.026394361156692876	0.031744350553188715	0.024935185379082788	0.029378046840956216	0.035745278767312115	0.028693749442030684	0.0191585111887629	0.026254547309895994	0.0341478655561029
