label	time	source	prediction	AH	AT_CA	AT_CH	AT_I1	AT_I2	AT_M	AT_O1	AT_O2	AT_S	CN	DC	DF	DG	ES	GL	HA	SA	SN	SS	TMA	TS
AH	112	Xiaomi	AH	0.8175211680814517	0.00789996909984889	0.007802686301970274	0.008062227710135355	0.008352001981272268	0.007672100481335917	0.008282307880675839	0.007945586387918575	0.008333501805135833	0.007913631339327735	0.00829750750902607	0.010071632273548839	0.009559414499385169	0.008396959830672467	0.007540269724111606	0.008507389454313693	0.012359335152181173	0.008441971537797148	0.006006189296098628	0.00857946696391867	0.02245468268987446
AH	113	Xiaomi	AH	0.8847898481795166	0.005092996107016144	0.005181395125904413	0.005356031180137974	0.005285973846360771	0.00507487401388741	0.0052643292216378425	0.0053631222628509724	0.0052202967845557955	0.005121358303177824	0.005179828732574477	0.0070962524632996685	0.00540791113370446	0.005531959666972106	0.004856605423799247	0.005411069798645564	0.0075726109675632435	0.005517324937584157	0.003926529655284406	0.005400962657781996	0.01234871953774489
AH	114	Xiaomi	AH	0.9212453700472731	0.0036280321622395592	0.0036908143466264907	0.0037042209995063876	0.003720751220597259	0.0037156014142409556	0.003811747145660723	0.004324011045529704	0.003945114351091122	0.003672531480171952	0.0035846648002878204	0.0046057255574090275	0.003935322064122342	0.003968788788443665	0.0034621092562681388	0.004138941881003382	0.00534280429538218	0.003924785815602913	0.002792323961456948	0.003836442710433271	0.004949896656653126
AH	115	Xiaomi	AH	0.8904258115280066	0.00499463715070026	0.0049440553119210985	0.00541684464369594	0.005217509581778133	0.005181776975117204	0.005262928604320428	0.005360759872187072	0.005269649334527496	0.004935882472637157	0.004990482038213423	0.005745079611677347	0.005140572857222489	0.0053940092998699535	0.004765421608577347	0.005598908643732814	0.010705171625737196	0.005432214654905618	0.003774323588528303	0.005199220623666019	0.00624473997297813
AH	116	Xiaomi	AH	0.9199563194063977	0.0036842145686600243	0.0038746094920440307	0.003772644572574894	0.00380124067322216	0.003794629379105905	0.003875039675475531	0.0038196674176512427	0.004318410152831249	0.0037259686393123735	0.0036658775985779503	0.00417787824172973	0.003915048404351364	0.004073592948930585	0.0035096141459336626	0.003982205985010136	0.006046333564175679	0.00483555158853954	0.0028310435573997597	0.0039024326519160324	0.0044376773361605865
AH	117	Xiaomi	AH	0.9521825353922402	0.002264337037591368	0.002308101731677237	0.0023152876123815743	0.002303880306751941	0.002198105414184082	0.002413842889331586	0.0022899057062310685	0.0025381358777032334	0.0022868219327702275	0.0022337270144200507	0.0026627151746663183	0.002278971490096117	0.002665444468376019	0.002161386981686215	0.0024506330081391922	0.0030786298382955166	0.002459982981074527	0.0017464533960087265	0.0024055765459297185	0.002755525200445028
AH	118	Xiaomi	AH	0.9379682531326581	0.0028682609506085494	0.0029314830467813196	0.0029857243571130717	0.002906556563377571	0.0028329413602090465	0.003018349462350418	0.0029928530568412237	0.00317427315263075	0.0028829982414852883	0.0028874457863793	0.0032863880249835325	0.003007409961957362	0.003089523804712578	0.0027443195150577207	0.00304747306012311	0.0032880548677895896	0.0031206032659806164	0.002219270778429634	0.003098070008358366	0.005649747602173004
AH	119	Xiaomi	AH	0.7802486022918993	0.01007791792472128	0.010371068187418564	0.009974477331267514	0.012632419075377972	0.009861727494773808	0.009943682647307089	0.009689680413908074	0.010631009986444716	0.010339178501997084	0.009412739303519305	0.016308781064368696	0.009590880426551401	0.01039173379874899	0.009102361333740844	0.009980314467277988	0.02154220357796316	0.01048261196856395	0.007220679477128087	0.010116039510963985	0.012081891216058028
AH	123	Xiaomi	AH	0.9205844914446297	0.0037094828562737494	0.003716177856100371	0.0037885759739643803	0.003988859465469989	0.003699146146688544	0.003891988625615411	0.003741825883520299	0.004027750300015505	0.0037991639532167216	0.0036411194736415842	0.004331045037267443	0.003597310221947129	0.003919448684049038	0.003587220396952076	0.004003933511573301	0.007061777515032211	0.004028610521652912	0.002838900865836983	0.003921004787665869	0.004122166478887112
AH	124	Xiaomi	AH	0.9435416330924389	0.002701326876277457	0.002720270282303275	0.0027655245629310053	0.0028721440012244677	0.0026206640956615494	0.0028406148450526546	0.0027725455474094905	0.003360098724134619	0.0026797462256644786	0.002657698100249316	0.003016844021118307	0.002626784543384904	0.0028580772700095972	0.002534490833205616	0.0028724798327450416	0.003770733230116654	0.0028846484293368413	0.0020449886120733857	0.002859037268218749	0.002999649606443632
AH	125	Xiaomi	AH	0.8628732306832676	0.006121146700126915	0.006347953552813671	0.006267372407502249	0.006347762721824508	0.005955489970182387	0.006245710271949728	0.006092438809066046	0.0070800020367188365	0.006077993690026217	0.006004746148761264	0.006965618577348888	0.006375837933620053	0.006591909187998706	0.005749924492720213	0.006629067950764773	0.012797120338059666	0.011069930813618744	0.004636770267521355	0.0066338046343492295	0.00713616881175889
AT_CA	470	Xiaomi	AT_CA	0.003514139362163054	0.9236711197093743	0.0034959429891811174	0.0036614316762973264	0.003855293707880924	0.003391843974150508	0.003914483768595894	0.0038126934810014832	0.003514006328172523	0.005416254714769873	0.0034450280823762683	0.004995934412257747	0.003372295219405434	0.0038584781579402124	0.003434509781825195	0.003697573046513603	0.003605579641627808	0.0053389745645172305	0.0026814660830534716	0.0036755265607814522	0.0036474247381144166
AT_CA	471	Xiaomi	AT_CA	0.0028285929934690535	0.9396782063804597	0.0028076056403286828	0.0029024619812966306	0.0029970400951605824	0.0027271300736426817	0.003315663326065663	0.00302539550321496	0.0028642131421500253	0.004108304318037848	0.0027659935921640583	0.004086729791503689	0.0027098322209233106	0.0031787361900625184	0.002716598858631616	0.0029725238118207776	0.0030082926141533784	0.0033211336801570457	0.0021511145283625976	0.0029019683227993315	0.002932462935595394
AT_CA	472	Xiaomi	AT_CA	0.0024105730368509134	0.9493860827086521	0.00243791961933003	0.0025324765140579044	0.002815292712877881	0.0023279933703353978	0.00305026761883781	0.0030079566439092384	0.002488193375149072	0.002550672137656781	0.0023570396888924067	0.0028696437669592308	0.002309671428078938	0.002652719721143908	0.0023460772751748853	0.0025508839470727612	0.002516812598155409	0.002568394710583021	0.001832164255621124	0.0024742683923745673	0.0025148964782864985
AT_CA	473	Xiaomi	AT_CA	0.003655232006944101	0.9235985683913719	0.0036267854070091655	0.0037213970697724933	0.0038444841097548398	0.003418088407263805	0.0064904644088970625	0.004162691642066707	0.003590794149777033	0.004109446522145681	0.0034527926628754326	0.004139005259126852	0.0033834288198281537	0.003898327253026034	0.0033878563919074755	0.0037951511701682233	0.0037462609968583645	0.003917095850278905	0.0026856838721122838	0.0036244381371113295	0.0037520074717040746
AT_CA	474	Xiaomi	AT_CA	0.005795013746505952	0.8722013902708691	0.005757233863579706	0.0058467721257145265	0.007211786224903611	0.005491565892838496	0.007093408721860529	0.006174711949610817	0.005963120556223402	0.00883170197139192	0.005570829408259871	0.0105892750862216	0.005455396092875626	0.006335886833402653	0.0053917209914443555	0.0058626652379770465	0.0064217235963775505	0.00794745241495912	0.0043357298699688105	0.00584222417690294	0.005880390968112425
AT_CA	475	Xiaomi	AT_CA	0.008505558095295945	0.8077671049827962	0.009222692831414202	0.010073868992425754	0.010140827601717542	0.00935597087816886	0.013335319939194042	0.00943006439391682	0.008535850098958065	0.011070255101693707	0.008194267455458447	0.010711973999986678	0.008011965349210943	0.01006090933397628	0.007937490072925938	0.008644047743207055	0.009011513856307492	0.0163463253054877	0.006365737650541272	0.008593281611538175	0.008684974705779109
AT_CA	476	Xiaomi	AT_CA	0.009684726587861524	0.7738415519530594	0.00979376385030755	0.011779006485367904	0.011071930345847164	0.010704259000283512	0.0215886668143315	0.014186307209313258	0.01045952041831099	0.013304677176112532	0.009480813771443065	0.011731677992099548	0.009279102846462084	0.011437033913504216	0.009189358841603167	0.010071610642727238	0.0100411080112445	0.014975253274484804	0.007370238908092113	0.009951605724778764	0.010057786232765079
AT_CA	477	Xiaomi	AT_CA	0.006169837476179078	0.8613880549511171	0.006473526196443883	0.008747840674311147	0.007205446186960208	0.007085849191716106	0.011794107320652324	0.010000347874209805	0.006592922759946456	0.006166032308309733	0.006042517598596078	0.006876945497887005	0.005913410732134351	0.006698329762715848	0.005822489211839836	0.006566776087472156	0.006410854506925864	0.006566652759414688	0.004685470642243525	0.006350840214855612	0.006441748046069124
AT_CA	478	Xiaomi	AT_CA	0.010349540552863634	0.7770994545006619	0.010120678194376578	0.011286460538144862	0.012162562199331343	0.010270384203885055	0.01773689054908698	0.013264478438618743	0.009931116173157643	0.011770585465894467	0.009401068345920045	0.016726418970507903	0.009199297581136143	0.010257731953077885	0.00922504579869629	0.0101339681066783	0.013633837264491923	0.01029277883214582	0.007305554474573379	0.009870429438396541	0.00996171841835456
AT_CA	482	Xiaomi	AT_CA	0.011183460177644784	0.7720003577043025	0.010638119523518858	0.012803489456730419	0.010596456198811827	0.011431937105941994	0.013993839146377264	0.011481062758269073	0.010964987334670998	0.01077783821152779	0.010654411202199976	0.01832202695049932	0.01017054499719207	0.011673630979265685	0.009683877881846954	0.010976541603413601	0.011955216170639542	0.011480549718937498	0.0075268678052612436	0.010386294197017936	0.01129849087593075
AT_CA	483	Xiaomi	AT_CA	0.008850811190030372	0.8124096038495973	0.009178514199122936	0.010301169530422632	0.010894859409919157	0.008893322110908394	0.013447773039747231	0.01062659767301945	0.01011282248907705	0.00922542233182957	0.008237689490162136	0.01031181131624937	0.00806274746202397	0.0090181815324832	0.008182330591086162	0.00858108129971448	0.009087919865086284	0.011002348895099313	0.0062896433533011315	0.008653473564564057	0.00863187680655588
AT_CA	484	Xiaomi	AT_CA	0.017378120788403777	0.5738721170849809	0.017323856207584986	0.019406755189483094	0.020002407354589448	0.017735935357678593	0.028644502957117915	0.06472513074551205	0.01784745978284774	0.018336331323585846	0.016699958140334616	0.027540049799276354	0.016190911348614837	0.019858135077017013	0.01618911685266196	0.02007015101899379	0.022395892851310252	0.018237109103057862	0.01278039319125369	0.017270371096254036	0.017495294729441106
AT_CA	485	Xiaomi	AT_CA	0.010901990162570633	0.7878519258603845	0.009134940134712397	0.010687242730262165	0.011240090555275065	0.009220899958694054	0.01674131194715623	0.011218187699378622	0.009286211488343054	0.011217617621578782	0.008965120074410268	0.01085592711475833	0.008906923845450887	0.01004219858191597	0.008628513822713417	0.009536666699389646	0.01821295860510744	0.010657600141324658	0.00696594976240889	0.009417426333945598	0.010310296860218986
AT_CA	486	Xiaomi	AT_O2	0.022015344839377945	0.1498209088755804	0.021703406726872668	0.024020366511251053	0.025174358403634835	0.0223426684033792	0.08037038722391171	0.35741845485907137	0.022180415754452128	0.027476931741891537	0.021532775667597783	0.02649395597536001	0.020749722572001205	0.024464906814517223	0.020443496548552667	0.022312772371253044	0.023512860500871858	0.026100566222144416	0.016500482891551742	0.02264148395606939	0.02272373314065772
AT_CA	487	Xiaomi	AT_O2	0.04163104637385259	0.09721016317427364	0.03365056838939114	0.04675663803211971	0.05311128700004667	0.042384303836230645	0.0994762448870846	0.1272141896319104	0.03476709983453682	0.053052643669292236	0.03170805217946169	0.05405137721252025	0.029339248457937697	0.03397455790020577	0.02889841715599733	0.03248388316707675	0.032008235555812274	0.038815351241257	0.023313494767503405	0.0327603969057707	0.03339280062771867
AT_CH	385	Xiaomi	AT_I1	0.021298944724267556	0.021304120794434493	0.09970732053715409	0.446404332568406	0.028340337399738076	0.06562022507823227	0.024940204657129577	0.024586935291780875	0.02476279722553568	0.020490349395347454	0.020704545911503787	0.021711354063235662	0.019432551876076207	0.021368785028683304	0.01906666510285945	0.021033559858917864	0.020661484036695172	0.021067350358777066	0.015245692662563828	0.021054739756946928	0.021197703671714894
AT_CH	386	Xiaomi	AT_I1	0.030213763728718576	0.035497836320741286	0.07241226224383504	0.16914662832408794	0.08642701621612417	0.10743560631598204	0.05062989783726675	0.054056945063453266	0.04013220261403728	0.029129296473678144	0.030369238044496313	0.033115807274777795	0.02799438007997307	0.030763880967562746	0.027493186513811347	0.030390040491147383	0.029912784723381814	0.030402759627142926	0.022011265990415512	0.031918077811747485	0.03054712333761891
AT_CH	387	Xiaomi	AT_CH	0.01209517800699676	0.011240840493998861	0.7446444617903676	0.014555465657596278	0.019430464356834518	0.016127685365545773	0.0194029745613622	0.011899638814825749	0.019170621947986976	0.010859015916062078	0.01118623431047245	0.01191049217929071	0.01067365083142155	0.011487225463805779	0.010275299050938005	0.011313231336019141	0.0113499019670731	0.011347858033777698	0.008269751308013227	0.011295159280625671	0.011464849326985925
AT_CH	388	Xiaomi	AT_CH	0.00981925260807698	0.008752251398270449	0.8035299998268666	0.009991133163685833	0.020618217042237912	0.012023215510901108	0.010244123432606006	0.00886672916242942	0.009544263452951108	0.008626645304748558	0.008959639285983104	0.010064265598392023	0.008185611793331556	0.00895154972132062	0.008022655911287537	0.008797194128332849	0.011454731899519744	0.008860614062932379	0.0064741582260755045	0.009279849178907323	0.008933899291143356
AT_CH	389	Xiaomi	AT_CH	0.004090434852717467	0.004053332764053063	0.9113536962863582	0.005011569364886055	0.004670484021809982	0.004481464844550134	0.006543063563518143	0.004261486364970398	0.0053647325256176385	0.004051589509746332	0.005185130906221554	0.004371566308279699	0.004029197708607024	0.004289531367575126	0.003840774355084917	0.004217809466773964	0.0043085659282320115	0.0042409972042210505	0.003102101213392998	0.0042605738356527876	0.004271897607731455
AT_CH	390	Xiaomi	AT_CH	0.0032532244427823814	0.003661750524514479	0.9305095174146798	0.003851580282358363	0.0034450056467641315	0.0033826327557135204	0.004060721211960156	0.0037224428601920286	0.004972626061074471	0.0032331840114615314	0.0033729033602907486	0.0034814272909463977	0.0031209377341984926	0.0034305451976378086	0.003057518968751951	0.003425021781853442	0.0033662306180071767	0.0034440442805144644	0.002466319053118613	0.00334965186343682	0.003392714639743278
AT_CH	391	Xiaomi	AT_CH	0.0019248475251494048	0.0019101049562238327	0.9600547746530755	0.002205910793095838	0.002056321310702106	0.001958291069191484	0.0019969359385178134	0.001969125485681849	0.002947096413081464	0.0019099669997854573	0.0019469596595365912	0.0020560702174252377	0.0018455272062976643	0.002021433126348094	0.0018077958008559391	0.0019853864709541143	0.0019559458819997442	0.0019990688916553274	0.0014596832175589895	0.001980803069977825	0.0020079513128857663
AT_CH	392	Xiaomi	AT_CH	0.004082888246841521	0.004222536412395879	0.9115917218301748	0.004972106392984518	0.004933795258092261	0.004775233763570964	0.0048363998239221275	0.0049453471510040575	0.006421074593421144	0.004059994897345692	0.004230295754782949	0.004368820300866536	0.003983319818300969	0.004312301867335368	0.003838943781204108	0.004231367588646275	0.00415631277356006	0.0043968811926986965	0.00309614253043508	0.004281442107202768	0.004263073915214206
AT_CH	393	Xiaomi	AT_CH	0.0035486825264302675	0.003666745784505383	0.9238059091739147	0.004543660952817122	0.004295204305832596	0.004184161304302582	0.00459675341762303	0.0038369340244679465	0.004840107502102352	0.003527382303248931	0.0035712837311518662	0.003797792497804053	0.0034009961144227207	0.0038747149121638245	0.0033403076494460753	0.0036719084101766095	0.0036116436403310723	0.00383618041665402	0.002689850138456514	0.0036568252828793964	0.0037029559112691113
AT_CH	394	Xiaomi	AT_CH	0.008871323874686194	0.0087798027748446	0.7907294233854643	0.01400179860513642	0.010074644550246864	0.01298454166453899	0.02719913616682932	0.010760765153412863	0.010206669008632433	0.008893729496042396	0.008954853585822048	0.009492808112781598	0.008514734881831052	0.009387178183409521	0.008343911123682823	0.009210649078720136	0.009026176915471081	0.00938188190995273	0.006720293881606383	0.009190310812795567	0.009275366834092452
AT_CH	395	Xiaomi	AT_CH	0.009090647783370688	0.009954508114977901	0.7912280835935476	0.015530285768031542	0.011188829920068453	0.01621841276952343	0.011667888430781419	0.01144003825017642	0.0141714111088988	0.009118106214187639	0.009297373913245944	0.010026758015756998	0.008716613405630512	0.009661073615275425	0.008539953754685015	0.00944478190475416	0.00925771081704153	0.009491030304103908	0.006863813582257682	0.009392980704261315	0.009699698029423824
AT_CH	396	Xiaomi	AT_CH	0.005320162842352459	0.005311774791610088	0.8823357374021381	0.006674444055630374	0.005694523472096057	0.008357784799280094	0.006457935384065391	0.005993332783585529	0.009825131716235967	0.005273798064328655	0.005257108831789546	0.005792760178825243	0.00534425524717004	0.005603365853492331	0.004994638042699494	0.0055045709033580675	0.005598585168295952	0.005527009148811401	0.004016077898513827	0.0055676185982901465	0.005549384817431565
AT_CH	400	Xiaomi	AT_CH	0.0087095977573193	0.009154952975366889	0.8134926969365203	0.010850845467118547	0.008988303903658918	0.011656034443934558	0.009999389573371108	0.01043257210272053	0.00940795642196527	0.009661713315828576	0.009671378844477324	0.009818370347380201	0.008371312441435496	0.009185202327288615	0.007917539979476473	0.009620191395721997	0.008465822945043175	0.008639461726648742	0.006321781439210624	0.010217467804063865	0.009417407851449748
AT_CH	401	Xiaomi	AT_CH	0.007243939009375209	0.007572005683655007	0.836684855241568	0.012436830162027672	0.0076316030113994715	0.011495011087106162	0.008650363828492028	0.009920466434274355	0.008129173109482527	0.007196851352224786	0.008595384562740418	0.00775416687161937	0.007345399486715828	0.008052411697805816	0.006829208590237667	0.00767773075696242	0.007496250001320513	0.007543877315554641	0.0055158629938009485	0.008512025458012181	0.007716583345625219
AT_CH	402	Xiaomi	AT_CH	0.005934555451743153	0.005884287649599647	0.8653694504810876	0.009548123640260362	0.005982761161486923	0.015720522698871187	0.00649802781340397	0.006594426779334275	0.00711276158171278	0.005890571758052842	0.0059437576825728915	0.006345067302094157	0.005774307424673711	0.00624327312021536	0.005572476368579198	0.006151555257881305	0.006025095977553928	0.006155601125284242	0.004469217453529465	0.0063599119584055105	0.006424247313657541
AT_CH	403	Xiaomi	AT_CH	0.00889197180328013	0.008657646251266436	0.7966006283981711	0.013570873016732772	0.009487864077223263	0.019971486903588527	0.00910514102510883	0.00899079763908881	0.019250586111877768	0.008678294484110052	0.008995565705362456	0.00933269816410366	0.008384707937769468	0.009187014354791611	0.00819941081273496	0.009040394866401928	0.008871114207733444	0.00905165460239266	0.006589903972504697	0.009681003280467997	0.009461242385289509
AT_CH	404	Xiaomi	AT_CH	0.00699297307295411	0.006905405364816872	0.8429325681245586	0.009254773952293327	0.011340836254540194	0.008670866041532983	0.007273704111804781	0.007246247825802137	0.010553812001405496	0.0069655024459757044	0.010487830168772696	0.007476270301723375	0.007671116838607855	0.007459221463724955	0.006572919463231151	0.007241238033898018	0.007105197289194684	0.0072901398298279305	0.005322087570590236	0.00789494759074133	0.007342342254003307
AT_CH	405	Xiaomi	AT_CH	0.003769121231405462	0.003850986148023786	0.9188902785217528	0.00441534199251727	0.004017254208859966	0.0049167996872393396	0.004358812587992262	0.004025416833930812	0.0053383810518756215	0.003745856403974165	0.004378246609964116	0.004032003891923662	0.003948907116621236	0.003962571808240097	0.0035433876003009936	0.003896597020493481	0.003831698738020103	0.00392062931820529	0.0028709913994158774	0.004339716566628065	0.003947001262615552
AT_CH	406	Xiaomi	AT_CH	0.008239622881253164	0.008545620854888468	0.8142505752772559	0.011197273273897282	0.00879475514934466	0.01686648970288226	0.008726031398711965	0.008576878205181035	0.015897419489637653	0.008204522469869586	0.008641162736133872	0.008679442100144204	0.008592191633437699	0.008543115489672043	0.00761467405350777	0.008391614230824237	0.00823736005205212	0.008561019135036006	0.006119340793066469	0.008835999030076164	0.008484892043127653
AT_CH	407	Xiaomi	AT_CH	0.00503103329607849	0.0049678753489917704	0.889147379888049	0.005835234326750553	0.008372282165918687	0.007971736008565183	0.0052789212953299304	0.005192544192518637	0.0057337636814984464	0.004996154870324223	0.006686472241290271	0.005389813673478901	0.004972537710919229	0.005323277019497131	0.004729678867159052	0.005208023443447812	0.00510909140591984	0.005311065893451713	0.003825010934988751	0.005653379023143509	0.0052647247126787556
AT_CH	408	Xiaomi	AT_CH	0.003212878583966117	0.0031811177251465563	0.9313809385475605	0.003824279736078419	0.0033102941018922027	0.004318981090415765	0.0033739081247437944	0.0032797166065571723	0.004111859695475661	0.0031902372899890907	0.004523121248786687	0.0034354292733189996	0.003132774095996629	0.0033734745227690403	0.003020511058678359	0.0033189052220667092	0.0032658998260424537	0.0033351192191347924	0.0024433972243727365	0.003607792079799274	0.0033593647272088393
AT_CH	409	Xiaomi	AT_CH	0.0037808418284158364	0.0038190709320505127	0.9199477067886332	0.004557435408640898	0.00421916007960736	0.00485341579025071	0.004344352144705689	0.003898543635908638	0.00571511028934779	0.0036939576930661625	0.004102391005973245	0.003977932827569719	0.0036396533971255166	0.003909677437546152	0.0034938333785563963	0.003840823592900209	0.0037847239413958105	0.0038712785650072854	0.0028147739916693647	0.0038489796977953816	0.003886337573834189
AT_CH	410	Xiaomi	AT_CH	0.03223603947788749	0.03014795578283637	0.136299712083508	0.04709053847895796	0.035123221026294144	0.036491074001033054	0.0549699877432993	0.046482280988961865	0.06943328713939981	0.043449748420162304	0.046714682159394116	0.03545090660268928	0.03397314668995028	0.03224228780593973	0.028431910510983677	0.03300586991446995	0.03188102640774546	0.134217571443616	0.023213330460355924	0.03453697820724388	0.03460844465527147
AT_I1	332	Xiaomi	AT_I1	0.019644141238298257	0.019937021733667896	0.025651357230100563	0.4887136120461491	0.0882595124422386	0.028117819932369482	0.02387454377781455	0.028536203041595397	0.02236482600505508	0.019508510439556166	0.02207421222738307	0.02440099149341074	0.01988586029184344	0.021638464654106643	0.021434781706435733	0.026625934792837147	0.01999897134421191	0.02134675927928984	0.014969264366287824	0.022347430011622694	0.020669781945725916
AT_I1	333	Xiaomi	AT_I1	0.015571138934057033	0.015264813079083228	0.0234620225640018	0.6268937701153428	0.01996550286336489	0.024855135537324893	0.03139951755744587	0.01719116215873905	0.017081613640523106	0.015333548460280007	0.02242475428364046	0.016620370414539284	0.017326558835622667	0.016825747829135367	0.015310793746284052	0.016149768449420544	0.015780190485498946	0.02250078456412551	0.011939074360049689	0.021772834727922137	0.01633089739359878
AT_I1	334	Xiaomi	AT_I1	0.025810956868630233	0.027324219801565387	0.032067593100965866	0.20543217336898587	0.06932183251953894	0.04410058059571568	0.2023697929492446	0.04667690205439976	0.03238685751368261	0.025553182482419643	0.027057876989987694	0.02771662386759937	0.024850648254518475	0.02736268595738119	0.02434519475318014	0.02862482543036744	0.02617848101975663	0.02739620406879574	0.019598760217652063	0.02832035380864349	0.027504254376969274
AT_I1	335	Xiaomi	AT_I2	0.03120406051220118	0.030138427664775435	0.02925211712565735	0.056079820436722154	0.25173235583799464	0.04040981507866684	0.0533657244365841	0.0350453242607072	0.04246192445146958	0.03561500282299996	0.03999638756873669	0.043739372426039404	0.028579810187201415	0.04580744182884573	0.036169669975584795	0.036863934053878174	0.03386628727832976	0.04261237354078372	0.02224599405652804	0.031788477686615496	0.03302567876967818
AT_I1	339	Xiaomi	TS	0.08475388815740582	0.03266930920310604	0.03762518285011627	0.066204706241836	0.036886130507718426	0.04748683059962734	0.04464109934971309	0.0751256886982834	0.034517629716473	0.031619093030991544	0.03177965205548353	0.05595267736053158	0.030992413808526464	0.03769732994776051	0.03031039668327285	0.05468247522682191	0.03660593986122344	0.04207520695873181	0.023863532201902397	0.03477999352043534	0.12973082402003927
AT_I1	340	Xiaomi	AH	0.130249144871456	0.033945549155202	0.03641720632480357	0.04663326203929013	0.03234622984411167	0.04241423712382656	0.06738288368162046	0.10741169097736447	0.03210995848475733	0.031022299430167488	0.030276759430974663	0.036215937768371856	0.036202829440098346	0.04220931662359132	0.029889995513101307	0.037735215300838974	0.0340687417790087	0.06434487271970303	0.02367106793027948	0.039918735166363656	0.06553406639506894
AT_I1	341	Xiaomi	AT_O2	0.055318541715567875	0.03291624581880133	0.035247368061752306	0.0552686460294989	0.08734528067507917	0.04105048257557499	0.05500755870744656	0.1721681952896292	0.03095152686424951	0.03152850094206418	0.03384881207002957	0.057136899943667586	0.029197150509790593	0.04136811405617626	0.02938059996847238	0.038281290070087154	0.04075525062344682	0.032717923141597195	0.023195315779607945	0.03238354277490727	0.044932754382553314
AT_I1	342	Xiaomi	SN	0.03316177894548981	0.03581340408227343	0.036678758516382096	0.12382216996955298	0.03649184901271263	0.04173532962807622	0.07331750470887884	0.0796530365189564	0.03143270626986197	0.029781085501137453	0.04595996537366183	0.03222830169390538	0.028117651361424714	0.03416430283467256	0.0278290192921671	0.03198851886487658	0.031125843864820913	0.16086611430575345	0.022586121413064947	0.03170193265387956	0.031544605188451216
AT_I1	343	Xiaomi	AT_I1	0.01810238123793697	0.017401309073732725	0.028821929483857558	0.5483182766308005	0.07019149936813779	0.0338344093925557	0.022285955526092287	0.02659343678914217	0.02133420836987054	0.017489110524917598	0.017357696667981412	0.01894878066644903	0.01691142911077676	0.01933046394846261	0.01660858007507572	0.018843511918997507	0.018618166043932474	0.01851424406396041	0.013326708099593663	0.0186129388671056	0.018554964140620984
AT_I1	344	Xiaomi	AT_CH	0.01940709707093393	0.01973169265070326	0.5235075030534264	0.046977919756006126	0.035091956723968996	0.05083621141946604	0.024245486284706862	0.023034614349200785	0.024683803875527134	0.018838806737451967	0.02165532740683444	0.020300963247851123	0.018440165386202932	0.020376762358517722	0.017830208030030312	0.019899251806059934	0.019293506855805203	0.020488449548504817	0.014297652921742727	0.020881198642299256	0.020181421874760023
AT_I1	345	Xiaomi	AT_M	0.025286774515651277	0.025920318411112378	0.12068203673323045	0.14646590605669832	0.036250256238699326	0.25126514490575647	0.03849338318956874	0.02888306703544616	0.02683909833639473	0.024655253813462306	0.025744796198912914	0.027376209334917145	0.0237470249480359	0.026682350864194695	0.02337485421075594	0.025905243373557603	0.025392151629790864	0.026052292243912173	0.018521838948570752	0.026395469089749563	0.026066529921582204
AT_I2	441	Xiaomi	AT_I2	0.023308044436715712	0.023476804977183657	0.029673068700728934	0.04183391335362036	0.3900494651269029	0.023261720866239025	0.04309447737934234	0.026878842988850085	0.13163379761813396	0.021898799631651995	0.021657992838803247	0.026964645153540762	0.021161006238180194	0.023303788607590224	0.020667586274452625	0.023091621745464884	0.022269981017068657	0.02349435597340891	0.016615169387576473	0.02254640071206677	0.023118516972478305
AT_I2	442	Xiaomi	AT_I2	0.01432510114773947	0.015951326620888676	0.02054886159480954	0.017035655808706123	0.653464704496698	0.015130706580446707	0.025018434946622013	0.019132968531509958	0.05089120171267435	0.014019405371992644	0.013825067011844421	0.015395224519660033	0.013503578152668469	0.01492426761247262	0.01322853406024842	0.014812220523412259	0.014215755242248693	0.014811819691228663	0.01063309813698094	0.014436399409125411	0.014695668828022531
AT_I2	443	Xiaomi	AT_I2	0.006446587221931354	0.008095398365137592	0.008788617071238706	0.007260827381194797	0.8622205813951438	0.00657303040853881	0.00742317236737845	0.009093678633389954	0.008271415632885214	0.006480907736209112	0.006081233976174496	0.006831114852306149	0.00596705845463943	0.006606721470988642	0.005863294955820861	0.0065430715233333716	0.006852788923074679	0.006975047032530589	0.004716775210098099	0.006397979886466309	0.006510697501519444
AT_I2	444	Xiaomi	AT_I2	0.0082320022679001	0.013311411776245183	0.009198349452678748	0.008671194941349365	0.810523199182341	0.00814503348583169	0.019112056680314918	0.012100602798512794	0.009500776825935196	0.008448158971627102	0.008034680667775832	0.00921249208945812	0.007886969537481631	0.009288675418659015	0.007781456984493357	0.008681844000888717	0.008566730006721134	0.009991350503817982	0.006255029017892168	0.008460885142674148	0.00859710024740193
AT_I2	445	Xiaomi	AT_I2	0.0055589799320028685	0.00733250790300308	0.007006279387536854	0.005907389025779873	0.8773401126256669	0.0054269806644253096	0.007200699399913746	0.006816596461605416	0.01026531869494564	0.005689504692221893	0.005434664460835687	0.00597274341112783	0.005331760969772719	0.005989089397916359	0.005233154857816595	0.005824118916046859	0.005688097677381694	0.006226899132861672	0.00421481566980479	0.005733023113053448	0.005807263606280884
AT_I2	446	Xiaomi	AT_I2	0.012892456740221304	0.014001979200199865	0.01711631700230451	0.019085916596954293	0.7129088036607005	0.014224349906035027	0.02152995645914413	0.018936815670660846	0.018245979725419303	0.01224721285132385	0.012064819225584176	0.013380182720807026	0.012346709423177855	0.0149851092248825	0.011613706130135541	0.013203279021374009	0.012632308539477813	0.013586742952439439	0.009295656496949762	0.012618632762950771	0.013083065689257389
AT_I2	447	Xiaomi	AT_I2	0.00966182441798446	0.013912476756290378	0.011477562637210663	0.013587025835334238	0.778686622544444	0.009967881298874897	0.0167662098802668	0.013589828469540717	0.013551233947595673	0.009671314156831307	0.009588011019712744	0.01096428471806285	0.009245570803979822	0.011173107567614289	0.009110052775932968	0.010168946967805813	0.010907490797674417	0.010496778662643858	0.007319990973638039	0.010091852786273456	0.0100619329822884
AT_I2	448	Xiaomi	AT_I2	0.005194226956510514	0.008421910511390459	0.006635829262358193	0.00641023086427987	0.8863294911164112	0.005841361860335734	0.006640683604017328	0.005672606231693031	0.006175342104685994	0.005227870152765644	0.005241419240459567	0.005592140536565554	0.005071760171978805	0.005474423125126035	0.004885671345504624	0.005438100432314993	0.005329999501227644	0.005691148061391628	0.003932440086809938	0.005356822560452741	0.005436522273720598
AT_I2	449	Xiaomi	AT_I2	0.007745011194976928	0.011463836103265283	0.010336575447632758	0.012470676251806414	0.8258333674374317	0.009367581065713754	0.010524739091360593	0.008417116315047792	0.010389420359121734	0.007893651040065527	0.007695526706578771	0.008421985299935642	0.007420759040137739	0.008162989705212998	0.007272784981548154	0.008110218819290575	0.008461315968024968	0.008100435283007103	0.005850073142292194	0.00797652388221212	0.008085412865337238
AT_I2	450	Xiaomi	AT_I2	0.012573858671016538	0.019215593929234828	0.013115699176918396	0.015979935298215543	0.7133036550801954	0.013395122608836902	0.029431728618281586	0.014292870138775816	0.01513285323421544	0.013031212382981399	0.012037058351894671	0.014363939356432858	0.01166318989284081	0.013439727260347017	0.011427645671956631	0.012837678885504078	0.01566266532087303	0.01312976141970676	0.009232399955936133	0.012682861157405873	0.014050543588430199
AT_I2	451	Xiaomi	AT_I2	0.010162735155453274	0.012123053419697837	0.013070336870570536	0.013399518803756954	0.7681512814565669	0.012557434020182901	0.014911674928404943	0.014091207395512449	0.013228466622923698	0.01303553639486808	0.010598700834153561	0.011311110110786853	0.010579242212829567	0.011003477071314872	0.009543222154713597	0.011039882038279205	0.010976996343352833	0.010628799635838621	0.007702850275628929	0.010869387416932184	0.011015086838232343
AT_I2	452	Xiaomi	AT_I2	0.023369290302949083	0.03462373312292102	0.02849791167491271	0.02658333843946953	0.4484643073646353	0.02702901378029456	0.04410607470446552	0.026378104103617003	0.0340405467556307	0.033657794689799195	0.023868261071681968	0.02764601649335425	0.022644323702986392	0.024538960776696903	0.02092653901471995	0.03412427572472506	0.026556976712370055	0.02362599234704198	0.01698739826434025	0.023620145524870333	0.028710995428517978
AT_I2	453	Xiaomi	AT_CH	0.03700986517672763	0.03834832196103059	0.11312277472555965	0.06362830158250467	0.06112682630601656	0.04569844148237163	0.03862004516259012	0.03665170154157781	0.05144435727606322	0.09360597560421975	0.0337315748634638	0.047888718249516106	0.031079274761807295	0.03634010524947908	0.030300431167027537	0.05239430006691447	0.03822275401589566	0.03498179102339434	0.024366784928118956	0.04638771932401953	0.04504993553170141
AT_I2	454	Xiaomi	AT_I2	0.015580763297898068	0.01698153951568546	0.026928691943678126	0.01985622070672628	0.6370044914177835	0.024999907569988055	0.02501598532415982	0.01773386481422183	0.023300275367397184	0.017119732215602437	0.01698306855246572	0.01749213056673503	0.015108571691699458	0.01623216096782068	0.014362005642339965	0.01773373457567814	0.016899685709609168	0.016287811459941744	0.011650697080916896	0.01618654574453606	0.0165421158351164
AT_I2	455	Xiaomi	AT_I2	0.008283946497522187	0.01180768086148388	0.012407931810135657	0.010717091544581524	0.8118061149410996	0.008556990952774943	0.01359326771940585	0.009456519270437561	0.013693761418431677	0.008310441115264031	0.00813122212315535	0.008903350189572121	0.008077746481227078	0.008994964754602324	0.007797845896115945	0.008713101331487932	0.008438746885044982	0.00883768526623892	0.006276326025898827	0.008522805736843393	0.008672459178676335
AT_I2	456	Xiaomi	AT_I2	0.005196819947476693	0.006671833957197198	0.005375121899518872	0.005162284393328038	0.8947846299339817	0.0049040908221937955	0.005798789021813017	0.005172566357383524	0.006817993685321784	0.004866368531223702	0.004715203243516162	0.006043536642838456	0.004702439977760778	0.005116138324449972	0.00454672801437669	0.005057566635382864	0.006170312403419835	0.005171651640602782	0.003664732597653878	0.004966582971883736	0.005094608998676863
AT_I2	457	Xiaomi	AT_I2	0.008465458913541071	0.01618535625904602	0.007871443731493621	0.008219310969885619	0.8266129881127936	0.007591714355232581	0.010561282201225184	0.008426257335524472	0.00868555460871986	0.007991482403343532	0.007427416896498144	0.011677698539209002	0.007290294581798673	0.00806392831585933	0.007174555230561407	0.007961513999207475	0.010258384870548214	0.0079977374373735	0.0057768173490074385	0.007817425325024389	0.007943378564106776
AT_I2	462	Xiaomi	AT_I2	0.011146021423787667	0.01754733049920221	0.016502410403223398	0.015987534064220685	0.739842436963824	0.014545209944456402	0.02136640558052203	0.015356050299285355	0.011349065002931159	0.011381140292469762	0.011456353486610697	0.012231930141933576	0.010713812818812578	0.012714599707892325	0.010542118634129965	0.011986821592615923	0.011530299101777886	0.011958311448081328	0.008462486445488193	0.011727236555033885	0.011652425593700867
AT_I2	463	Xiaomi	SN	0.022251365379663914	0.03416078693580781	0.025174233286675562	0.029808062373985925	0.08313874506792102	0.024094225176385528	0.0386201927816212	0.029478604594269837	0.033439708839412885	0.021233694974336623	0.021349967637280018	0.02383261953208089	0.021254936760654434	0.022526039614263936	0.020331080234980554	0.022890038406471355	0.02369259814165611	0.44015457720570145	0.016377710378881985	0.022940521486840146	0.023250291191108774
AT_I2	464	Xiaomi	AT_I2	0.008476802211836524	0.016795550781297127	0.009320536418439827	0.01047678027584261	0.8065563078007519	0.009652515641497978	0.013759159045816287	0.01087265084095639	0.011287956679100338	0.008856368850477515	0.008287198447116298	0.009159937856173913	0.008129209280418534	0.009006164526198571	0.007983587066476746	0.008921960078547647	0.008652720348802372	0.00979069399686895	0.006421683862237335	0.008728002672186996	0.008864213318956262
AT_I2	465	Xiaomi	AT_O1	0.0340543367299993	0.05372513266572923	0.0382654813267964	0.039016978878370974	0.09718744668314755	0.0338993823332814	0.11575668918168233	0.055086737188278515	0.03388401601924119	0.030606647057228584	0.04134140141658934	0.03352423731926063	0.029575640009962365	0.03417285856362547	0.03017809075345177	0.03283039153453553	0.03337677139795414	0.09284026329541391	0.02468648813781372	0.08325741966233033	0.03273358984530734
AT_I2	466	Xiaomi	AT_O2	0.021694197752286714	0.035663864636971486	0.04854959677103927	0.02469287033508364	0.028538482925756024	0.023035264399264187	0.19001261957259324	0.33943051928200174	0.022942047070702732	0.021623149635760154	0.021272278469316862	0.025058157689060303	0.02073275374160914	0.02346150625589185	0.020755993413049133	0.02264564051955941	0.022335926184470088	0.025913816372053405	0.01649560357171832	0.02238693036269582	0.02275878103911652
AT_I2	467	Xiaomi	AT_O2	0.018587722367692152	0.041269313919239846	0.02758413295919694	0.02737935981050078	0.030130100126217613	0.02294546941116861	0.047718263036334294	0.5403440231252034	0.02149513853925917	0.0188183720677845	0.018166985699852433	0.0202487115229718	0.017626735251952994	0.01984852864853785	0.017303710454607605	0.019503206262920948	0.01889672330909389	0.019985416281911583	0.013959371485778034	0.01895688169879167	0.019231834020983867
AT_I2	468	Xiaomi	AT_CA	0.04134725872293129	0.14036496121531594	0.07518468396823841	0.0516385774789771	0.05813097901678322	0.05626760771056523	0.09487189854542144	0.06881037335974799	0.0337049431551933	0.0335717312444631	0.029925949632946005	0.03554138680259663	0.02928179605805034	0.03376843317755243	0.028907163824529312	0.03203618161521425	0.03155616576732461	0.037951182413661064	0.023241140625470735	0.03185052510112533	0.03204706056389244
AT_M	347	Xiaomi	AT_M	0.0022927107396310074	0.002318546410728731	0.0025000330107135733	0.003630378862820376	0.0022904328661519035	0.9519550767303689	0.0024831123579729126	0.002806251611102985	0.002380099317267495	0.0022866919568054053	0.0022447887332933724	0.002464309709157801	0.0022030008075214122	0.00241604720789987	0.002157884440752775	0.0023790747902850346	0.0023376732450781155	0.002412307868405011	0.001652391346383932	0.0023898886666112204	0.0023992993210477835
AT_M	348	Xiaomi	AT_M	0.0025369488288355807	0.002516480438496906	0.0033149074028386953	0.004042872034648296	0.002529968660762078	0.9464827249648228	0.002645775585902682	0.0028313160398312025	0.0026051519294062898	0.002525435296910914	0.0025663833425357903	0.0027246235053994235	0.002441137328124329	0.0026728059625373006	0.002388705747670005	0.0026761999856396543	0.0026322299171958217	0.002638448305534548	0.0018337738352309015	0.0027335903356394842	0.00266052055203747
AT_M	349	Xiaomi	AT_M	0.001717306350041018	0.001730529631273714	0.002049551147184027	0.0021442135411152484	0.0017372613919559683	0.9647213535545471	0.0018156316328253408	0.0017958672454681318	0.0018369377684395562	0.0017113374969551182	0.0016809484662059413	0.0018443852521690509	0.0016502794682619244	0.0018107330801765444	0.0016169750135956809	0.0017797987543889582	0.001751649047860775	0.0017872688876986555	0.0012345248779587108	0.001786371484148582	0.0017970759077299
