label	time	source	prediction	AH	AT_CA	AT_CH	AT_I1	AT_I2	AT_M	AT_O1	AT_O2	AT_S	CN	DC	DF	DG	ES	GL	HA	SA	SN	SS	TMA	TS
AH	92	Pixel	TS	0.03061985262374515	0.006879178006954559	0.0068695267994925355	0.0071681418947564125	0.007014465853767925	0.006804583424760788	0.006806340984180782	0.00688662795718347	0.007103842587483849	0.007179610761950674	0.0069994762220828835	0.008163479530760685	0.007878845859695012	0.007165887155742638	0.006627079341850723	0.006624583967808058	0.0094338985473204	0.007155345746597864	0.006454716280788541	0.007752495327389041	0.8324120211256881
AH	93	Pixel	AH	0.9664833762870632	0.0015664224138240744	0.0015739390671823277	0.001652201541975198	0.0015941152769237542	0.0015534346810159529	0.0015537435665132298	0.0015720887171833146	0.0016170619388427207	0.0017372940200463343	0.0015709684502570377	0.002018867602654299	0.001664181347731642	0.0016860464125901906	0.0015143510361679722	0.0015085907627479017	0.001736106402101568	0.0017899801824295637	0.0014849644083772728	0.0020887220967484967	0.0020335437876243295
AH	94	Pixel	AH	0.9763552656601686	0.0011245888149748087	0.0011305844261627167	0.0011830998881371705	0.0011443618948847926	0.0011156378740678871	0.001115795303048681	0.0011289060891721487	0.0011613051996887272	0.0012454218734237472	0.0011274356113375088	0.0014395021604728872	0.0011893926475252015	0.0012095269075938293	0.0010871045779010382	0.0010825151392463797	0.0011789837298272394	0.0012809429927208096	0.0010651808181113746	0.0014938800631362735	0.001140568328398238
AH	95	Pixel	AH	0.9703397599249995	0.0013953839552734784	0.0014022331710388705	0.001470188842701682	0.0014200379242735193	0.00138424047135741	0.0013845229992695812	0.0014012923101917939	0.0014405467937883942	0.0015584273982621499	0.0013992520320992607	0.0018014092809348823	0.0014789178499316187	0.0015022204688843839	0.0013491284462905221	0.0013434631736016563	0.0015526307762438467	0.001597893785487594	0.0013223321259173383	0.0018566486227982978	0.0015994696466541114
AH	96	Pixel	AH	0.7763932581300653	0.008821391177474835	0.008916442466485344	0.009543593418576158	0.009036114551580097	0.008795993479882431	0.008798340176435866	0.008892433024670052	0.009169777020632045	0.012956124917548493	0.008946529345230934	0.04007220355197304	0.010941209076443033	0.009736163763875516	0.008549622179996925	0.008680867769788603	0.009067369348996775	0.01192039598159222	0.008356399525125392	0.011269594790790368	0.011136176302836512
AH	97	Pixel	AH	0.8502844692161371	0.006299386736578653	0.006314689744112744	0.006696762718882188	0.006406663738517961	0.006228961045727246	0.0062287152228237665	0.006303754337507402	0.006682518359277037	0.0070658565060788305	0.006743667227102233	0.010832185858559568	0.007018962050659777	0.006793070811662373	0.006076057708291651	0.0060525185515832745	0.008426028861176972	0.007253308959915532	0.0059754138875808965	0.008859920326310706	0.017457088131514073
AH	98	Pixel	AH	0.946563023869245	0.00242843382966729	0.002433960876535347	0.002559718108963755	0.0024650044270910143	0.0024022475825737754	0.002403851742107538	0.002431903005638345	0.002500000448411875	0.00271213764225154	0.0024290680509721696	0.0040772953516938415	0.0025809833491230736	0.0029053916480277337	0.0023499181877340374	0.002330758247299884	0.0025818873807106546	0.002773980486239	0.002298264810458444	0.0032396750029848372	0.003532495952270964
AH	99	Pixel	AH	0.5304484063516999	0.01831800707462347	0.019399356020165993	0.020005961231884337	0.01896203696247389	0.018365036191997853	0.01777495675472111	0.018650449865486207	0.022103806936222093	0.02111959927803015	0.020512063148734758	0.0774193462288555	0.0219440096509103	0.01979227044546773	0.017229587022740724	0.02405761644399621	0.026866123236671483	0.02334697613958919	0.016918466258643426	0.022496954851723844	0.02426896990536175
AH	100	Pixel	AH	0.5459455320729348	0.01714994516842277	0.017391125279082015	0.018449647745283983	0.017893095926122593	0.017289551107433115	0.017632348340961747	0.017850937993464364	0.017960590815013416	0.04237816560090268	0.018707677452449903	0.06294398921141935	0.017714099086044023	0.019897278416660412	0.016610713660501545	0.02113559006268654	0.01786347189880841	0.032807532766593726	0.01656023625313659	0.022686321034115987	0.023132150107962005
AH	101	Pixel	AH	0.9687453492989827	0.0014660398487202125	0.001473343962511986	0.0015456332662970454	0.0014919006287504011	0.0014540876774437855	0.0014543498457496628	0.0014714574641794655	0.0015135647506496798	0.0016254604777894005	0.0014703175231650881	0.0018848292387957596	0.001556685414578403	0.0015778856081461194	0.0014172919513594816	0.0014118627035527888	0.0015763460057327964	0.0016743810503273922	0.0013897162445569424	0.0019537080624607633	0.001845788976250156
AH	102	Pixel	AH	0.9676001704494872	0.0015176846708234144	0.0015286760256866996	0.0016010070731736817	0.0015492835841153809	0.0015063242784111395	0.0015050304558677484	0.0015230229097642045	0.001665198812483776	0.0016820488658862542	0.001570896996495263	0.001965314055951384	0.0016073823042921233	0.0016315159119024154	0.00146579689700085	0.0014604509580064193	0.0018518748607681704	0.0017319959245117756	0.001436774257585883	0.0020232450712649687	0.0015763056365212412
AH	103	Pixel	AH	0.9446194859830477	0.0025022764264191442	0.0025104232414597657	0.002640002811354676	0.0025504937873166212	0.0024774073408361367	0.0024808058616110347	0.0025094131291605965	0.0025815560470116784	0.0030807566131038377	0.002509688742205415	0.0034307608070710135	0.002664256808491207	0.0027460501783296413	0.002417380642337303	0.0024097825422659492	0.0047532371821634965	0.002911198695377149	0.0023730637408020945	0.0033291158660375074	0.002502843553597806
AH	104	Pixel	AH	0.9698773325576354	0.0014146414336686244	0.0014206440610753477	0.001489987427568976	0.0014398685552856714	0.00140210054983559	0.0014024498263368384	0.001419277941877857	0.0014599980832933819	0.0015683125597786105	0.0014172146228776526	0.0018383978040021345	0.0014960890479220894	0.001520883956634111	0.0013666443834377709	0.0013612464517128455	0.0018441697386358687	0.0016135247594078288	0.00133930336983464	0.0018818522294485704	0.0014260606397301294
AH	105	Pixel	AH	0.969818311045015	0.001417279076686241	0.0014232984335771095	0.0014927585522849258	0.0014444011707224094	0.0014047972973708885	0.0014050766532452113	0.001421957318243435	0.0014627690157581637	0.0015712224023208313	0.0014198813157321564	0.0018418020441658286	0.0014988421678149972	0.0015240353262839727	0.0013692009473191733	0.0013638138970867417	0.0018476620648058308	0.0016171027121093364	0.001341805565664935	0.001885231758627177	0.0014287512351656348
AH	106	Pixel	AH	0.9708959595170383	0.0013702577882125076	0.001376635384916463	0.0014433330895266482	0.0013945554556963598	0.0013586172134409825	0.0013589017590977684	0.0013750452364235117	0.0014144631411387044	0.0015188566154539299	0.0013733438067403438	0.0017703207097174503	0.0014508292424792058	0.0014737227222430262	0.0013241872082980079	0.001318927473008259	0.0016243284414554316	0.0015631078009637764	0.0012978639804568516	0.0018232709734717623	0.001473472440220451
AH	107	Pixel	AH	0.9342662737064874	0.0029527770988866686	0.0029712746492927735	0.0031908873483544914	0.0030121505690783095	0.002931956769231183	0.002933502849498307	0.0029676976795682923	0.003052510701271305	0.004323358778320477	0.0029673158171904124	0.0037936815346828107	0.0031260940213319816	0.003214654971743748	0.0028645565646028847	0.002845541966812942	0.004378231060332846	0.00406466454067431	0.002799290099145576	0.004052447573442292	0.003291131700050955
AT_CA	338	Pixel	CN	0.02922898193271577	0.16495826303589733	0.026009351050511127	0.030886083656450323	0.08748576104663115	0.033865131594168756	0.030186135030099513	0.026457638889328384	0.034214562762073034	0.23300011026492923	0.025375057665205702	0.039028249783688795	0.025430627918375824	0.0288431940315127	0.024145057262823035	0.02437503918179704	0.026754953663177147	0.03015054924263155	0.023531876952350407	0.03219175686442579	0.0238816181712073
AT_CA	339	Pixel	AT_CA	0.024434437593123647	0.30395683543384283	0.024654646172898288	0.027337911161133845	0.038944276839666093	0.02330665452092491	0.028804508966411846	0.023743665234505964	0.02506563624464273	0.16405860897414434	0.023873731254417937	0.031191509415227525	0.027331103407480736	0.054249591376729064	0.022263180168849758	0.02256778527679874	0.022460318411025075	0.038549276389809574	0.021894062049472703	0.029149396261607473	0.022162864847286974
AT_CA	340	Pixel	AT_CA	0.008401984317508122	0.8052373007504037	0.009989116704695917	0.014297704133662785	0.013798929501108123	0.009827626749912268	0.008808364272123347	0.008775104879499689	0.009113422551813381	0.01140147763270643	0.00905510949593347	0.011452160113537673	0.008646101364247176	0.008893363228514212	0.008021527060760005	0.008051999776955929	0.008087419912439095	0.012639569347117673	0.00780875568095996	0.009769133103645716	0.007923829422455418
AT_CA	341	Pixel	AT_CA	0.00234317562820692	0.9493516574746782	0.0024517599490462643	0.002736781058800246	0.0025524056711109977	0.002346647713179295	0.0025050104320605516	0.0024101275261799644	0.002559109247491284	0.0034703322612584355	0.002347783224979119	0.002999974716325555	0.0023429578041660373	0.0024587861068706305	0.00227226370728831	0.0022752510514597083	0.002353073053419771	0.003119821217547247	0.00220651605070248	0.0026475190535051023	0.002249047051723936
AT_CA	342	Pixel	CN	0.02005770453257976	0.17158597739513243	0.02718433029167151	0.02184426414627054	0.024451673908453667	0.01968385927449441	0.022184582793031118	0.020005606444929398	0.021486005595660492	0.39361382891759544	0.020061038688017476	0.04002245777131476	0.020264810357965676	0.033150594336930586	0.018983018133432054	0.019160663419831546	0.019183454163541763	0.02459166594959196	0.01855710416542954	0.025094366211829852	0.018832993502296006
AT_CA	343	Pixel	AT_I2	0.019401468679635235	0.16292628039198223	0.027094145188812428	0.021839693351712975	0.4120944542017884	0.022551652321453168	0.027294429857553912	0.020370690431532928	0.020417965297346654	0.040623083647066245	0.019527588329591065	0.026498554116294874	0.019452201925495714	0.020852173551234802	0.01883739338359086	0.018936999130024175	0.018873737369159285	0.023500642885826536	0.018305508948637757	0.022006507904187803	0.01859482908707284
AT_CA	344	Pixel	AT_CA	0.02690610129518367	0.22202660184957312	0.027949278746715062	0.041540687102391324	0.03922142343798627	0.02739243038592651	0.04472445271220599	0.028900435079802986	0.033245202151759724	0.15651127924602004	0.051212341139032384	0.041177821913476534	0.02661287343677429	0.03089959398836878	0.025512348487815244	0.025697910958539388	0.025480402006215333	0.042733623852780164	0.025027267442783094	0.032086399819796746	0.02514152494685355
AT_CA	345	Pixel	AT_CA	0.02995541360407864	0.27936418934548773	0.025533150517533413	0.030926601199500685	0.031294121802413324	0.025057323930923494	0.03594959727964221	0.029330982015834953	0.026412751175564794	0.06612976641966359	0.131856015670307	0.03208757126706938	0.025148125051594538	0.03666074853401743	0.025468644305103535	0.02446094756019145	0.024940726047185363	0.04033139958584908	0.025288876294776223	0.029885920066087136	0.023917128327175966
AT_CA	346	Pixel	AT_CA	0.0036973179464432062	0.9176139092968322	0.0037627569799805563	0.00540671143000528	0.0040019552808502855	0.0037311717286071158	0.0067283926142450426	0.005259379964035043	0.0038870647041567073	0.003922460065636915	0.0037056618712721324	0.004283767967564427	0.0036992403948033123	0.003870336211295608	0.003588622876287649	0.003860525852846556	0.003570004133827532	0.004214358911179377	0.0034820170587831203	0.004174709755774472	0.0035396349555732558
AT_CA	347	Pixel	AT_CA	0.006166748357873323	0.8575555650346827	0.007144015457804522	0.009341108860671169	0.008625270223143942	0.006451702997240289	0.014203994552498083	0.0080522033225558	0.007027005654465515	0.006462312913065898	0.0061856160702978245	0.007077491719037099	0.006165371462688682	0.006427858216470617	0.005953774558561739	0.0059955176525331505	0.00599954594563868	0.006521747450223433	0.005787476998877823	0.006974268872396053	0.005881403679273886
AT_CH	293	Pixel	CN	0.031959385779360215	0.0353742703356407	0.1236557604577927	0.04729796774335669	0.05868415003881597	0.0445785608090877	0.10993187527228739	0.03231761533849965	0.04085567221616109	0.1320584645118781	0.03619157814382089	0.03696515424812529	0.029273212383707864	0.032683161627821575	0.028176106368810263	0.028164486683012684	0.028994204962190545	0.03294395327281877	0.027374899134463372	0.034968078908514576	0.027551441763834
AT_CH	294	Pixel	TMA	0.026953164019515984	0.02765533621519196	0.13688016711833054	0.03735938454132416	0.029362045037505186	0.04656063296137555	0.030303374828791117	0.027321427557879578	0.045580733549789	0.028060783935342094	0.0778114124901403	0.03110632166230957	0.03735338321244201	0.0281318615050119	0.02581989878979687	0.02595054614852224	0.025666293663753118	0.0303409511212181	0.024676360313241198	0.23169383275152827	0.02541208857699136
AT_CH	295	Pixel	CN	0.038518068961715286	0.027611562511233242	0.13320615323625018	0.048486492327664776	0.029368963517701973	0.050738484136385736	0.027583208948742475	0.029683566571176913	0.04367289754146565	0.18128860713836256	0.031037813140199218	0.035700503438820544	0.02897138750352154	0.03153753754523751	0.026527521585550894	0.029160231943116215	0.026838746886607243	0.09338685510612244	0.02575883044651286	0.034944595473789426	0.025977972039823227
AT_CH	296	Pixel	CN	0.06013069660307455	0.030510672230728203	0.11353089276388247	0.04229321511173527	0.03135705665440221	0.060278959608300056	0.030534196719205396	0.031999663622156005	0.03420865271165603	0.1491217608506113	0.032307325086339926	0.036071320263584075	0.07508078095783852	0.033262285929711345	0.029348466200288498	0.04819322857991592	0.027738797581211432	0.036732353507647586	0.02751822302199834	0.0421707608189575	0.027610691176755357
AT_CH	297	Pixel	AT_I2	0.026462602751964347	0.03596788867593302	0.04617675265206897	0.08957999295218533	0.27347811673481975	0.039188547156277904	0.03617870417701099	0.03564036082185434	0.03692494530270289	0.050305548632136966	0.05313662112784045	0.03216540337812239	0.0267248387860022	0.029491344522645794	0.02587407655766564	0.026045553536900013	0.025632848745241167	0.029691650394170533	0.02516490204784339	0.030863286197172008	0.02530601484944191
AT_CH	298	Pixel	AT_CH	0.020383664206449777	0.021550709716547604	0.4175069814134175	0.042134905489696776	0.14578432562727556	0.025366164364336388	0.02334901019520656	0.020909628159455306	0.026969285631938063	0.026698162019222642	0.02189433638472577	0.023027908826907247	0.019911852041408253	0.02107765793580114	0.019387759240587353	0.020071734998822113	0.019148766741461685	0.021884389915934097	0.019208514985711755	0.02474178299637437	0.01899245910872007
AT_CH	299	Pixel	AT_CH	0.0037928074831613343	0.00387898339724568	0.9160069867862998	0.005133532507957947	0.004437732768781917	0.005231855276342552	0.004065036594399746	0.004251340509317136	0.0059206973899688636	0.0039541707870763025	0.004391505163669007	0.004327113049786043	0.003800336285767663	0.003961431414381037	0.003666539146638444	0.00369868801006128	0.003646632740379816	0.004144880335127403	0.003566051350023368	0.004495755647119926	0.0036279233564941024
AT_CH	300	Pixel	AT_CH	0.002096405508941157	0.002154177406249149	0.9550622010287312	0.0033876169531211493	0.002494512136607449	0.002227193253653686	0.0021044269393228074	0.002135114596953565	0.00261364492364168	0.002184525742508133	0.0022092501568183294	0.002389970338577568	0.002094912109435191	0.00218950369822747	0.0020275860437367443	0.0020429799485253797	0.0020156874604407606	0.002210686336013527	0.001971519330444753	0.002383015671729793	0.0020050704163208015
AT_CH	301	Pixel	AT_CH	0.0049114789039069	0.005076156324693057	0.8878172513517407	0.010729026762222689	0.005824816104753716	0.00699463322375704	0.004957623798319989	0.005203316026844907	0.006172344345031503	0.005127344454405784	0.006292622123252844	0.00560689921546138	0.004947314863633272	0.005144076229551931	0.004763669989000879	0.004810943958167299	0.004734315866992846	0.0051845269530305955	0.004635143793492181	0.006348936164835339	0.004717559546905315
AT_CH	302	Pixel	AT_CH	0.00308849602171916	0.0031485790099694006	0.9324210058659955	0.0043445845652329415	0.0033388753366910403	0.004547893077403215	0.0030922198942960363	0.0031441351110682958	0.004274514158437837	0.0032174052490697254	0.0037003314464931557	0.003521940006755661	0.0030959125188701757	0.0032237415027684675	0.0029850991377799296	0.003007050820209113	0.0029662073267322183	0.003252259590555192	0.0030017200980533044	0.003673144082417057	0.0029548851794823773
AT_CH	303	Pixel	AT_CH	0.008046908678029858	0.008503204426191771	0.8038818881892481	0.015389163491398536	0.008769012966713136	0.02841433462542665	0.008207108165377343	0.008289400907736007	0.010574440380872425	0.008424055832128045	0.008416880598237838	0.009930419535859884	0.008049603892079564	0.008420782722990171	0.007809795816659161	0.008150384742384711	0.007759912033774886	0.008486400376618408	0.007576912068121927	0.009193782162975743	0.00770560838717594
AT_CH	304	Pixel	AT_CH	0.00527705612659739	0.005595564752150023	0.8802870139074584	0.009222284238591212	0.006569332449798577	0.008233473252706734	0.00599744800992764	0.006122886991068624	0.00797844924077416	0.005599722310099987	0.005357268757454479	0.006032485878944979	0.005266014502909689	0.005543268356685867	0.005096326457508689	0.005154860759698657	0.00507133836846168	0.005576699058843409	0.004954964973783189	0.006018940647199568	0.005044600959337013
AT_CH	305	Pixel	CN	0.025821078645271205	0.026554429102487582	0.07581884528625396	0.0472242779831655	0.03847926673295511	0.0540244611954121	0.03032597465873883	0.03440989028716342	0.04244570247004945	0.31667448760766725	0.026032039973305547	0.032089165346296966	0.02566445291566265	0.032829467776246686	0.024232617059604507	0.02560595406105011	0.024210343815233588	0.036946519030562064	0.02381131390340696	0.03274882664592507	0.02405088550354148
AT_I1	269	Pixel	HA	0.022048522968201575	0.022818526354666552	0.023827540064553815	0.03114128102932665	0.20782069861404276	0.024801014395834244	0.027516252164677405	0.02713371694987451	0.022364149146837646	0.025448085683083505	0.04924971869436779	0.025745660889866254	0.02302832644751677	0.02363931600430166	0.023160896996409674	0.3062156992895377	0.021093175150870554	0.0236778228817594	0.020725111231381103	0.02731810371396958	0.021226381328920987
AT_I1	270	Pixel	AT_M	0.03229182916169165	0.03037911104483753	0.03128204136097781	0.07987125185768422	0.03566678563041547	0.12895933079544353	0.055577686701474026	0.04776899076557348	0.03105995037359902	0.1109165609730836	0.03471462363644635	0.03471115115682108	0.031240809942497186	0.03995281400941786	0.04932616882758243	0.06091893079530802	0.02966123762887714	0.03490720679672315	0.028136411315485547	0.04304651927376893	0.029610587952291954
AT_I1	271	Pixel	CN	0.01986714748892172	0.021013088027038353	0.02099136189160537	0.03397617710897909	0.021370263831572246	0.03450842806126543	0.02057248251849056	0.03561292936593602	0.020953797586200015	0.4922669008372155	0.022951551639540428	0.024424732113197255	0.021309775716513872	0.02535462665818009	0.02053732712497468	0.05332165591733573	0.019972554158091214	0.022250534699563725	0.01840613676761366	0.031006268422706925	0.019332260065058417
AT_I1	272	Pixel	CN	0.030382019595684442	0.03445359788344626	0.04218712538751953	0.08755028521271102	0.09164029273351448	0.06787314350430682	0.04607573149740927	0.03525765289302638	0.036839979473818125	0.11198802931744045	0.04630405515214798	0.03734804443151188	0.0330446699891585	0.03351297968608538	0.030366796944916983	0.043745353155692446	0.029924868733149996	0.03283529871387137	0.02844972209499935	0.07124762297418329	0.028972730625405955
AT_I1	273	Pixel	AT_M	0.01581603103600635	0.01605320065334566	0.019161395418601786	0.06641044768432156	0.01628611145176113	0.5949533453038003	0.015784613497700748	0.01853975586862423	0.017162106523123683	0.017915351098882343	0.020719938825124695	0.017445710703300567	0.01720730309082766	0.01681545047837242	0.016525082795225292	0.01776335618954351	0.015329936751160561	0.016264386320439753	0.014529906881717444	0.03451831852753322	0.014798250900587135
AT_I1	274	Pixel	AT_O1	0.02731024862299031	0.027946586433013	0.03369701510865421	0.10804563327164068	0.03185755338135401	0.04601331300854196	0.28813395391375163	0.02608147699220582	0.030731563183001163	0.04877309349116169	0.03536057112291935	0.02993626623016359	0.025947431631614597	0.027971665114769544	0.026660186275678628	0.032567941166591306	0.030083180081902347	0.031059482279644807	0.025100278647984493	0.04125770842034458	0.02546485162207241
AT_I1	275	Pixel	AT_I1	0.015173146629122475	0.014452984856260167	0.024767586144211366	0.6643819073596586	0.023774658295148493	0.03099786498565522	0.013916342543638542	0.016214156581373755	0.017059987073397686	0.018209854825298143	0.015533564143647441	0.016771705914317148	0.013599937544910503	0.014868535572189525	0.013568194101571824	0.013690443704363406	0.015705124491291363	0.014523547072650389	0.012759343378043426	0.01707150952863454	0.012959605254616027
AT_I1	276	Pixel	AT_I1	0.008426478141984299	0.008047669693820484	0.014353896570037442	0.8126247909064667	0.00833053915928837	0.024028691463907445	0.007687666020883503	0.008117815191546668	0.011263181768112161	0.008606065675317893	0.00830190115619683	0.00945068458007104	0.007975829354577246	0.008029495866390209	0.007455650006541991	0.007539091296216899	0.0076191551748699534	0.008227907167758121	0.007254049785190105	0.009296239743943278	0.0073632012768797064
AT_I1	277	Pixel	AT_M	0.027858606510325495	0.027995112564538537	0.1167671268763803	0.08254299861232711	0.03745178492468901	0.22457196271289687	0.027862733834339418	0.033733422869682124	0.036302836350408964	0.06743780155058182	0.027640703220339877	0.032994699168702624	0.026838331841562337	0.03625467949769667	0.02606995865774634	0.027117162707238386	0.026702207266277474	0.028978885321464695	0.025160918500312497	0.03418778234339968	0.025530284669089628
AT_I1	278	Pixel	AT_I1	0.0070015268406027325	0.008925277679915296	0.010785556278559446	0.848785622172184	0.007586722514180498	0.015103177837031561	0.007313365980014646	0.0068062446648378735	0.007132362357030346	0.007465565371582746	0.006465458543330496	0.007900400392682696	0.006412637759960706	0.006696640199459081	0.00622250215119173	0.00649029468210935	0.006155720046037264	0.00686422262073305	0.0060462490742693165	0.00771154702999514	0.006128905804291977
AT_I1	279	Pixel	AT_I1	0.008767690445321682	0.00810320294285026	0.009188324797821565	0.789471901952868	0.008276266643058337	0.04704273621803358	0.008305235402772372	0.009927326022189261	0.00883277972314485	0.008969528257604192	0.008920311949571831	0.009845478050379542	0.00803841971867064	0.008373819564835334	0.007777688257338751	0.008156673371074482	0.007679094740065323	0.008578199132950836	0.007564310450086399	0.010508362550323306	0.007672649809039434
AT_I2	318	Pixel	AT_I2	0.010886285023659369	0.01398043259939854	0.031209002884974853	0.012495732491024964	0.7329974222914039	0.012823360471811937	0.011472540770197754	0.010976127560874578	0.02619671977192699	0.011440541392143169	0.010996050167274871	0.012635695387799486	0.01103606442688983	0.011767386245535635	0.010442047052012958	0.010526272370867814	0.01262823674228771	0.011782045530719236	0.01015300889791178	0.013233684642885676	0.010321343278398976
AT_I2	319	Pixel	AT_I2	0.007096266987231253	0.012191623012251313	0.011522993287122673	0.008836881289530852	0.8368109845015484	0.0081351982624987	0.00844592037548926	0.007202229952620344	0.010246877142515178	0.00748890640034321	0.007311502822174585	0.008640356871773907	0.007334912931533374	0.007404754592442725	0.006805219113821971	0.007107546272128995	0.008531122682578027	0.007553107690438581	0.006618266346342816	0.007983257005720532	0.006732072459893472
AT_I2	320	Pixel	AT_I2	0.0061643393244619	0.014545410151208913	0.006857975025245728	0.007463882349073887	0.8578808487340607	0.006382795502329302	0.007245433230441118	0.006428381650411984	0.009781331927373562	0.006748992973342244	0.006117470778472119	0.0075319904478524085	0.006116259376031843	0.006425780097422763	0.005908981707842201	0.006137344992304662	0.007219311318959363	0.006553658535428577	0.005745077516868387	0.006909321323681153	0.0058354130371872145
AT_I2	321	Pixel	AT_I2	0.006197145535349159	0.016161049050800933	0.006851641351570501	0.006864038077658129	0.8543037414349616	0.006347404264220339	0.008855836773815408	0.006333201118396081	0.010909002029885073	0.006733887171682705	0.006216976541805037	0.007275473646440586	0.006212677451212176	0.006532048688177311	0.0059982787198004164	0.0062702372395141166	0.006033581107305953	0.00713804185982477	0.005831121242563946	0.007009641111033505	0.005924975583982305
AT_I2	322	Pixel	AT_I2	0.027503227137183724	0.06733215280148266	0.043618026128664375	0.13665053513443282	0.2372259376792245	0.039006448839383145	0.028215402802577547	0.028286300706202295	0.03703211736975143	0.04772660948017742	0.026095613067081566	0.0361269361135049	0.026171410832896806	0.027849144463773977	0.025223606439019663	0.025354068328271168	0.03293205789385944	0.02812422343102407	0.024549879711810326	0.030059373101972736	0.02491692853770531
AT_I2	323	Pixel	AT_I2	0.02507000603474777	0.10684618069034521	0.02538431333365736	0.2012375485855117	0.21981538863242686	0.025268105795100686	0.03630728758760438	0.024988746728026392	0.030867632163862475	0.02769080237567868	0.024309442899621385	0.032742960859616366	0.024553506713210858	0.025238749280903517	0.023063713475350966	0.023047785963632286	0.026099471881168998	0.025442281196293454	0.022321779841552637	0.027055817397189628	0.02264847856449826
AT_I2	324	Pixel	AT_I2	0.028845503419218967	0.05011022756312832	0.0315926369905394	0.04988280989930402	0.32714236921404233	0.026770674861450246	0.02779631902666687	0.030734510728167127	0.031595595724057325	0.029803877234622297	0.029308628604032244	0.03365717887975448	0.025560174661927303	0.040789719622917504	0.0505888647027764	0.02642108472946137	0.05188598960294944	0.027211845228953657	0.024062474797293655	0.03176923800924776	0.024470276499489258
AT_I2	325	Pixel	AT_I2	0.00889600008674458	0.04188047496509044	0.011634248135907188	0.01125255776360613	0.7755360264564533	0.009235562380977645	0.010860952842857305	0.010197861755786923	0.0095978882037277	0.010258332283957105	0.00890175028671819	0.010579483768044429	0.008885154723301468	0.009360334240246269	0.008609843573997687	0.008689116837727537	0.009202218348358973	0.00953116639892565	0.008358569862397821	0.010044129089136584	0.008488327996037187
AT_I2	326	Pixel	AT_I1	0.02319989378851037	0.12239403678358722	0.025780520666508818	0.23403245499558337	0.21556664521182214	0.02232190603640012	0.030335837832789956	0.023500942783196907	0.024967236891485684	0.025445330228641455	0.023005133417663547	0.027161395783614362	0.022180721299504783	0.02327365560954094	0.021457820654284736	0.02163357113622137	0.02168821203098722	0.024736277678956906	0.020860884636203437	0.025298046962871714	0.021159475571625015
AT_I2	327	Pixel	AT_I2	0.01008398077328829	0.026938874186675076	0.012896664129329528	0.018162275235568338	0.7550493648220483	0.010291180612569388	0.01361140439248939	0.011082921431234799	0.01367827507563387	0.011351252097085558	0.010860467150877264	0.01197738276537927	0.010128862063816047	0.01103928574177199	0.009778888262591736	0.00984947981317032	0.009760176259569505	0.012799571167639676	0.009503797131942177	0.011506047662223542	0.009649849225095852
AT_I2	328	Pixel	AT_I2	0.03385172799352558	0.05410377392437065	0.06525807349056806	0.1037911110543674	0.12446579405521903	0.03276518384587969	0.03195656312787992	0.030122628337063296	0.05870013285867706	0.03367933707989325	0.03307394072578864	0.04356908078535815	0.040717805908233595	0.03148546673380208	0.028256280008720366	0.03059843258899662	0.028089882146168546	0.10385127984733378	0.027721169929775902	0.035814601687163335	0.02812773387121507
AT_I2	329	Pixel	AT_I2	0.016684040074033287	0.028170700237826904	0.06229765616445155	0.030900268722815188	0.5701578066619628	0.019812326861872193	0.01916644827882645	0.01741829150175819	0.02392864959251962	0.019262597438087566	0.01796130843088069	0.020286479929856126	0.01671573102493407	0.017589955699311096	0.016007624316394766	0.016326628335219622	0.01592171951368255	0.0208829229475694	0.015602137656533548	0.019067925240913972	0.01583878137055032
AT_I2	330	Pixel	AT_I2	0.031006552745031543	0.03488924825671568	0.0817048494019469	0.047995902806977984	0.13384062938863062	0.034924710771337485	0.03302868092237335	0.030311190094854598	0.05779946585242394	0.03308985571733269	0.03142914892021632	0.03741644598522667	0.029896694683248914	0.04811863639591209	0.02865849188371679	0.028625617113859365	0.08308358858311912	0.09757803166673573	0.028128532941092188	0.04010320137857489	0.028370524490673087
AT_I2	331	Pixel	CN	0.027079056171563073	0.03973620229645245	0.037314696148698846	0.03330850390726726	0.18726910109616338	0.026911305761742062	0.02935882174977603	0.026405983134311858	0.04482317812348107	0.2051202971001692	0.027005737910968622	0.032680684604237155	0.03159427438609626	0.06500069448573863	0.024642218932134693	0.025018379394482336	0.027087537734596347	0.029176618052580088	0.024186291781371966	0.03171483001345416	0.02456558721471471
AT_I2	332	Pixel	CN	0.023683244581030462	0.05661072350235841	0.027415585948654467	0.026704659352088194	0.09649722657282275	0.022933052694177166	0.02518877375694844	0.023154092333241474	0.02892433410032383	0.3720335664251614	0.02351758554708636	0.041504056915746435	0.028115060528749382	0.027541207890411798	0.021799912069525636	0.022047278567625575	0.033416523599105935	0.02745776309407091	0.021295917333085126	0.028433878947849628	0.021725556239936956
AT_I2	333	Pixel	AH	0.34712581365395817	0.07579656126243868	0.02609203851231817	0.03104873616903337	0.07179854915433168	0.024005203125319254	0.03104028443193171	0.026967409920891732	0.029859430921597617	0.03767931643453403	0.024975478285446707	0.035844329499962406	0.026232404596531745	0.026402746411338343	0.028676039053596006	0.02321095474164577	0.02549427680767897	0.03087156119556586	0.02259306582432284	0.03197463818812839	0.022311161809428583
AT_I2	334	Pixel	AT_I2	0.027472868457214257	0.08641483040024411	0.04112551751698575	0.03738547352144618	0.23458380146043029	0.027454780175795432	0.027726997536594786	0.02696857527953092	0.033255583999203524	0.08111686917583072	0.027110257479809965	0.03662725318305827	0.026867881710446975	0.03151347657622631	0.025539209520977487	0.025599460415277917	0.026477244939731113	0.09126843911039362	0.02680358276003221	0.03354751658522258	0.025140380195547648
AT_I2	335	Pixel	AT_I2	0.016506558801241415	0.051070160552880266	0.019304685827215666	0.038413495893361425	0.580289172434845	0.01680537740604484	0.019984417985430176	0.021023986904128374	0.020822727467996	0.017549974174790258	0.017107980445932626	0.019246501196227995	0.01643574120279213	0.025238719660019258	0.020451554299986803	0.01600751545326346	0.016398678113267878	0.017497270402796507	0.015472952492636503	0.018700878947077518	0.015671650338065755
AT_I2	336	Pixel	AT_I2	0.024975016133184643	0.1116191296970928	0.032758934725151366	0.03550228225074649	0.2930407464724438	0.02505688312113555	0.03522116347718936	0.026013342238994312	0.03131080562670979	0.09990408809161233	0.026790941433757185	0.030780180490739446	0.02447521148314323	0.027070777832292413	0.023893675845059324	0.025208632566703307	0.023486611081810202	0.02701601378315059	0.022833992857158158	0.029878633658163768	0.023162937133761982
AT_M	281	Pixel	AT_M	0.022057092073653754	0.02295036607342894	0.028060289362561885	0.0911966417962579	0.02331756962002399	0.3737223299538781	0.022597100872779677	0.023616194215997706	0.024848793016711487	0.07890946213918863	0.028805047286267628	0.025618423960657232	0.023456924643593398	0.025313800962444163	0.02452556113891242	0.026408819446381855	0.021309468541693685	0.023975992689704736	0.020900761447528827	0.047130321744041075	0.02127903901429314
AT_M	282	Pixel	AT_M	0.006502667859950574	0.006996376905443853	0.00898242171776035	0.022806241074697316	0.006999473726624586	0.843799236796518	0.006821343821551839	0.007406838046389148	0.007162383178014789	0.0068350035945977505	0.006618862794650373	0.007702852224329077	0.006762385316447306	0.00682984438116637	0.006343181668549927	0.007259184065102672	0.0064958632109649705	0.006877257274555623	0.006150006326367027	0.008391414292001931	0.006257161724316613
AT_M	283	Pixel	AT_M	0.0051580089000872725	0.005324190844523364	0.00780526475319153	0.013583160555385918	0.0053669078342542765	0.8805402688168756	0.005200346495175856	0.0053075978395237915	0.005861251915358418	0.005394423304625035	0.0063756063483844045	0.005886146906224758	0.005200028871402199	0.005405151079363779	0.005171882605670162	0.0050355413421170996	0.005136787477725707	0.005443917092679687	0.004870638033720419	0.0069773132053987386	0.004955565778311727
AT_M	284	Pixel	AT_M	0.006486013817846935	0.007189955951308938	0.008727566210019938	0.022764571844518917	0.006793184208672922	0.8438839233100354	0.006794289422227279	0.0069289542133225785	0.007578027524980736	0.007051014321519782	0.007296449551718702	0.007415837649284488	0.006539800571161293	0.006815116494254994	0.006315113328745755	0.006349197780507032	0.006479491953224729	0.00712588624596141	0.006139317625478268	0.009081679004691309	0.006244608970518502
AT_M	285	Pixel	AT_M	0.006291058463219147	0.005814877134322114	0.007507275791644599	0.011720973084396354	0.0060688977561701414	0.8704033893400157	0.00569750907674931	0.005973418826277631	0.006780477508830102	0.006145769082369888	0.006137671152746201	0.007240617926900027	0.006283317279459413	0.0061366073104132815	0.005670988993351765	0.005507022786926209	0.005842289564985667	0.0059531043589642315	0.005334093123098239	0.007863130708299117	0.005627510730861259
AT_M	286	Pixel	CN	0.02802250176576446	0.02809425356045185	0.05135257918548567	0.05861866454049374	0.06239063901537367	0.11536916860977559	0.031439119371120344	0.02849971747639513	0.03569653431741638	0.201745308183809	0.03415934399760992	0.03701155738294259	0.029575572110622794	0.03322117664473287	0.027552934298194928	0.02712731698326836	0.02838620267925275	0.033229195334920664	0.02614863634373012	0.05539880283296203	0.026960775365677203
AT_M	287	Pixel	AT_I2	0.023944970840371813	0.024243810583016657	0.10983997622125574	0.03833881821370121	0.30952642593549085	0.08533698795524523	0.025390828268589398	0.02467460979799536	0.03368287868378451	0.02645352316306053	0.03373528576021625	0.028273877826144007	0.025076787666980387	0.025343632930925813	0.0240630460508202	0.024289826995294857	0.023082042850445166	0.025747563164613088	0.022683705868247913	0.043179153832263374	0.02309224739153777
AT_M	288	Pixel	AT_I2	0.026179190838763997	0.026220416874280242	0.03709762242346143	0.03748360908949669	0.24736514366065426	0.13312029727300478	0.0386715701857253	0.02660007606538263	0.028959326655217613	0.04939484777627416	0.04868404845143591	0.03071650410634476	0.0280479204995973	0.029174437987449175	0.02523534510727415	0.02548714748480878	0.025011190573183642	0.03408412571125911	0.024639803576104805	0.052741283285833204	0.025086092374448008
AT_M	289	Pixel	AT_I2	0.03096538290948996	0.030092490776305166	0.04906143985078734	0.05927071309400794	0.13838390424266533	0.10386532892381728	0.03249841250426817	0.033344943504698035	0.0744282090312024	0.050870535022372376	0.045708792524774604	0.037928384685826204	0.03123842232753896	0.03978838298010192	0.03015945823303461	0.030465324145919084	0.03365017758529464	0.041034352933325795	0.028201396703010483	0.050406071344392504	0.028637876677167266
AT_M	290	Pixel	AT_M	0.007499724477695841	0.008026860154497157	0.011956881685867754	0.010910284381222947	0.012738965525116304	0.8255212340723003	0.007575317562047216	0.00788132362554657	0.01406200788604085	0.008391689733625326	0.007791411220762631	0.00859590051543969	0.007488442709120369	0.007797065141076224	0.007228702132214751	0.00725608137754623	0.008328656078140229	0.007892459895744932	0.007027068403442075	0.008886741110370045	0.007143182312182715
AT_M	291	Pixel	AT_M	0.013572505351159224	0.019789062978235957	0.04498383616197914	0.01951156675979841	0.022283722803275563	0.6599393691251962	0.015803801382094626	0.018912947210629413	0.01852560037917429	0.01425584748627163	0.013715502378251426	0.015551234649020244	0.013589499748224862	0.014167789216774479	0.013137660166953904	0.013264214447495482	0.01345610629669904	0.014356238666627804	0.012771017871034894	0.015439994214729373	0.012972482706373937
AT_O1	349	Pixel	AT_O1	0.005365664412705259	0.00865457902557343	0.0056993188683548855	0.007430366266298566	0.006650101277920134	0.0053599525040684635	0.8792910672009341	0.010015997666703117	0.005593093497628474	0.005746443375526092	0.005345057639501147	0.006369896306204563	0.0053012325355704095	0.005594232629839856	0.005286214469473512	0.0053826760532164316	0.00510663171712599	0.005715445028024103	0.0049933536689673935	0.006029042157961869	0.005069633698401931
AT_O1	350	Pixel	CN	0.019309125285416236	0.03611416444124376	0.01978532278572615	0.030252965831370972	0.0221000124666649	0.019997189152634553	0.04957277776721063	0.0410307700516854	0.020716101816626434	0.5022859224479767	0.01948396684442052	0.02320548460082827	0.019356766774345145	0.024717317284962716	0.01846971866296077	0.021705924588102058	0.01829359262525511	0.03362031435962784	0.01792779574069452	0.023834368977927234	0.018220397494320265
AT_O1	351	Pixel	CN	0.024666712628067605	0.16186544530788918	0.025722188786472876	0.02927027691099251	0.029571980003912895	0.024678886350222643	0.05479911431665314	0.025580705592700502	0.028384600823469528	0.2790131096878872	0.02435634243242687	0.03151801128537232	0.02414733852074347	0.029344163047567633	0.022977920963450655	0.023204511660430967	0.02291512881044822	0.06218221838393202	0.022405624898295742	0.02965982651299537	0.02373589307606877
AT_O1	352	Pixel	CN	0.03427404882732524	0.11448335011728158	0.037735096511593735	0.04058306746963839	0.0401725552574988	0.028307824326011033	0.053257958048766575	0.03395254734664496	0.03192984678179811	0.2106075673802755	0.02870081134101898	0.04229876304546358	0.028389738829129832	0.03331800305957081	0.027372236157275714	0.02728373753981146	0.03276955120980574	0.04860495087800224	0.042471639801223995	0.0368267695980101	0.02665993647385363
AT_O1	353	Pixel	AT_O1	0.0042197737009787885	0.006719766252249194	0.004747276811741241	0.0075725899696018695	0.004810357170656442	0.004436113856698847	0.9052773461676477	0.005496153878459224	0.004898091642980444	0.004453816642927778	0.004247690146944758	0.0048621502673760544	0.004223778674609048	0.004451781664648738	0.0040899269948661806	0.004121123670393416	0.0040695654825695865	0.004488809561962016	0.003974480547665443	0.004799079368138944	0.004040327526884421
AT_O1	354	Pixel	AT_O1	0.009629248998698929	0.013236805271782505	0.011458743149489678	0.028772515559950914	0.012411986335114951	0.01034556463266081	0.7651052374130795	0.01191806482041974	0.012031081991020964	0.010571572851305578	0.009778243878637799	0.011041359905594057	0.009697757306750815	0.011399861969805443	0.009432648258178676	0.010109611693447798	0.009355771115493666	0.014278609287938102	0.00912501820813372	0.011019893779774727	0.009280403572721665
AT_O1	355	Pixel	AT_I2	0.024696557340094127	0.029950121504952232	0.027925794263370524	0.03757041163214496	0.24507836269076563	0.02679066224948145	0.0632181085095156	0.03842649635600745	0.03014437225389624	0.03623870251331588	0.02629423526854619	0.032115417514244286	0.024968832749276783	0.032452237300288685	0.025937795580090073	0.025512405188871913	0.024244957743308756	0.1722815744894315	0.023630891441672477	0.028535996074014303	0.023986067336710933
